alloy_name,composition,composition_raw,conditions,conditions_hash,confidence,domain,evidence_span,metric_type,note,page_or_fig,process_step,property_name,raw_unit,source_id,specimen_state,test_type,unit,value,value_max,value_min
Zircaloy-2,{},,"{'temp_C': 240, 'medium': 'primary circuit water', 'pressure_MPa': None, 'strain_rate_s-1': None, 'dpa': None, 'fluence': None, 'time_h': None, 'atmosphere': None}",1ac2dc3a70a8,high,corrosion,Specimens of Zircaloy-2 have been exposed at 240°C (464°F) in various locations in the primary circuit of the Halden Boiling Water Reactor (HBWR),judgement,,text,,corrosion_rate,,STP551-EB-Zirconium in the Nuclear Industry_2nd Volume_042_chunk1,,,,,,
Zircaloy-2,{},,"{'temp_C': 240, 'medium': 'primary circuit water', 'pressure_MPa': None, 'strain_rate_s-1': None, 'dpa': None, 'fluence': None, 'time_h': None, 'atmosphere': None}",1ac2dc3a70a8,,density,not_mentioned_in_text,not_available,auto_filled_domain_placeholder,text,,,,STP551-EB-Zirconium in the Nuclear Industry_2nd Volume_042_chunk1,,,,,,
Zircaloy-2,{},,"{'temp_C': 240, 'medium': 'primary circuit water', 'pressure_MPa': None, 'strain_rate_s-1': None, 'dpa': None, 'fluence': None, 'time_h': None, 'atmosphere': None}",1ac2dc3a70a8,,specific_heat,not_mentioned_in_text,not_available,auto_filled_domain_placeholder,text,,,,STP551-EB-Zirconium in the Nuclear Industry_2nd Volume_042_chunk1,,,,,,
Zircaloy-2,{},,"{'temp_C': 240, 'medium': 'primary circuit water', 'pressure_MPa': None, 'strain_rate_s-1': None, 'dpa': None, 'fluence': None, 'time_h': None, 'atmosphere': None}",1ac2dc3a70a8,,thermal_conductivity,not_mentioned_in_text,not_available,auto_filled_domain_placeholder,text,,,,STP551-EB-Zirconium in the Nuclear Industry_2nd Volume_042_chunk1,,,,,,
Zircaloy-2,{},,"{'temp_C': 240, 'medium': 'primary circuit water', 'pressure_MPa': None, 'strain_rate_s-1': None, 'dpa': None, 'fluence': None, 'time_h': None, 'atmosphere': None}",1ac2dc3a70a8,,elastoplastic_model,not_mentioned_in_text,not_available,auto_filled_domain_placeholder,text,,,,STP551-EB-Zirconium in the Nuclear Industry_2nd Volume_042_chunk1,,,,,,
Zircaloy-2,{},,"{'temp_C': 240, 'medium': 'primary circuit water', 'pressure_MPa': None, 'strain_rate_s-1': None, 'dpa': None, 'fluence': None, 'time_h': None, 'atmosphere': None}",1ac2dc3a70a8,,thermal_expansion,not_mentioned_in_text,not_available,auto_filled_domain_placeholder,text,,,,STP551-EB-Zirconium in the Nuclear Industry_2nd Volume_042_chunk1,,,,,,
Zircaloy-2,{},,"{'temp_C': 240, 'medium': 'primary circuit water', 'pressure_MPa': None, 'strain_rate_s-1': None, 'dpa': None, 'fluence': None, 'time_h': None, 'atmosphere': None}",1ac2dc3a70a8,,irradiation_creep,not_mentioned_in_text,not_available,auto_filled_domain_placeholder,text,,,,STP551-EB-Zirconium in the Nuclear Industry_2nd Volume_042_chunk1,,,,,,
Zircaloy-2,{},,"{'temp_C': 240, 'medium': 'primary circuit water', 'pressure_MPa': None, 'strain_rate_s-1': None, 'dpa': None, 'fluence': None, 'time_h': None, 'atmosphere': None}",1ac2dc3a70a8,,irradiation_swelling,not_mentioned_in_text,not_available,auto_filled_domain_placeholder,text,,,,STP551-EB-Zirconium in the Nuclear Industry_2nd Volume_042_chunk1,,,,,,
Zircaloy-2,{},,"{'temp_C': 240, 'medium': 'primary circuit water', 'pressure_MPa': None, 'strain_rate_s-1': None, 'dpa': None, 'fluence': None, 'time_h': None, 'atmosphere': None}",1ac2dc3a70a8,,hardening,not_mentioned_in_text,not_available,auto_filled_domain_placeholder,text,,,,STP551-EB-Zirconium in the Nuclear Industry_2nd Volume_042_chunk1,,,,,,
Zircaloy-2,{},,"{'temp_C': None, 'medium': None, 'pressure_MPa': None, 'strain_rate_s-1': None, 'dpa': None, 'fluence': None, 'time_h': None, 'atmosphere': 'normal conditions'}",458bb7d3cff3,high,corrosion,"corrosion rates increased a hundred times, and was under normal conditions about 0.15 mg/dm² per day for pickled, anodized, and autoclaved material",measurement,,text,surface treatment,corrosion_rate,mg/dm² per day,STP551-EB-Zirconium in the Nuclear Industry_2nd Volume_042_chunk1,"pickled, anodized, autoclaved",,mm/y,0.15,,
Zircaloy-2,{},,"{'temp_C': None, 'medium': None, 'pressure_MPa': None, 'strain_rate_s-1': None, 'dpa': None, 'fluence': None, 'time_h': None, 'atmosphere': 'normal conditions'}",458bb7d3cff3,,density,not_mentioned_in_text,not_available,auto_filled_domain_placeholder,text,surface treatment,,,STP551-EB-Zirconium in the Nuclear Industry_2nd Volume_042_chunk1,"pickled, anodized, autoclaved",,,,,
Zircaloy-2,{},,"{'temp_C': None, 'medium': None, 'pressure_MPa': None, 'strain_rate_s-1': None, 'dpa': None, 'fluence': None, 'time_h': None, 'atmosphere': 'normal conditions'}",458bb7d3cff3,,specific_heat,not_mentioned_in_text,not_available,auto_filled_domain_placeholder,text,surface treatment,,,STP551-EB-Zirconium in the Nuclear Industry_2nd Volume_042_chunk1,"pickled, anodized, autoclaved",,,,,
Zircaloy-2,{},,"{'temp_C': None, 'medium': None, 'pressure_MPa': None, 'strain_rate_s-1': None, 'dpa': None, 'fluence': None, 'time_h': None, 'atmosphere': 'normal conditions'}",458bb7d3cff3,,thermal_conductivity,not_mentioned_in_text,not_available,auto_filled_domain_placeholder,text,surface treatment,,,STP551-EB-Zirconium in the Nuclear Industry_2nd Volume_042_chunk1,"pickled, anodized, autoclaved",,,,,
Zircaloy-2,{},,"{'temp_C': None, 'medium': None, 'pressure_MPa': None, 'strain_rate_s-1': None, 'dpa': None, 'fluence': None, 'time_h': None, 'atmosphere': 'normal conditions'}",458bb7d3cff3,,elastoplastic_model,not_mentioned_in_text,not_available,auto_filled_domain_placeholder,text,surface treatment,,,STP551-EB-Zirconium in the Nuclear Industry_2nd Volume_042_chunk1,"pickled, anodized, autoclaved",,,,,
Zircaloy-2,{},,"{'temp_C': None, 'medium': None, 'pressure_MPa': None, 'strain_rate_s-1': None, 'dpa': None, 'fluence': None, 'time_h': None, 'atmosphere': 'normal conditions'}",458bb7d3cff3,,thermal_expansion,not_mentioned_in_text,not_available,auto_filled_domain_placeholder,text,surface treatment,,,STP551-EB-Zirconium in the Nuclear Industry_2nd Volume_042_chunk1,"pickled, anodized, autoclaved",,,,,
Zircaloy-2,{},,"{'temp_C': None, 'medium': None, 'pressure_MPa': None, 'strain_rate_s-1': None, 'dpa': None, 'fluence': None, 'time_h': None, 'atmosphere': 'normal conditions'}",458bb7d3cff3,,irradiation_creep,not_mentioned_in_text,not_available,auto_filled_domain_placeholder,text,surface treatment,,,STP551-EB-Zirconium in the Nuclear Industry_2nd Volume_042_chunk1,"pickled, anodized, autoclaved",,,,,
Zircaloy-2,{},,"{'temp_C': None, 'medium': None, 'pressure_MPa': None, 'strain_rate_s-1': None, 'dpa': None, 'fluence': None, 'time_h': None, 'atmosphere': 'normal conditions'}",458bb7d3cff3,,irradiation_swelling,not_mentioned_in_text,not_available,auto_filled_domain_placeholder,text,surface treatment,,,STP551-EB-Zirconium in the Nuclear Industry_2nd Volume_042_chunk1,"pickled, anodized, autoclaved",,,,,
Zircaloy-2,{},,"{'temp_C': None, 'medium': None, 'pressure_MPa': None, 'strain_rate_s-1': None, 'dpa': None, 'fluence': None, 'time_h': None, 'atmosphere': 'normal conditions'}",458bb7d3cff3,,hardening,not_mentioned_in_text,not_available,auto_filled_domain_placeholder,text,surface treatment,,,STP551-EB-Zirconium in the Nuclear Industry_2nd Volume_042_chunk1,"pickled, anodized, autoclaved",,,,,
Zircaloy-2,{},,"{'temp_C': None, 'medium': None, 'pressure_MPa': None, 'strain_rate_s-1': None, 'dpa': None, 'fluence': '2e9 to 3e12 n/cm²·s', 'time_h': None, 'atmosphere': None}",3fd3c8c3735c,high,corrosion,Variations in the flux level from 2×10⁹ to 3×10¹² neutrons/cm²·s (>1 MeV) had little influence on the corrosion rate,judgement,,text,,corrosion_rate,,STP551-EB-Zirconium in the Nuclear Industry_2nd Volume_042_chunk1,,,,,,
Zircaloy-2,{},,"{'temp_C': None, 'medium': None, 'pressure_MPa': None, 'strain_rate_s-1': None, 'dpa': None, 'fluence': '2e9 to 3e12 n/cm²·s', 'time_h': None, 'atmosphere': None}",3fd3c8c3735c,,density,not_mentioned_in_text,not_available,auto_filled_domain_placeholder,text,,,,STP551-EB-Zirconium in the Nuclear Industry_2nd Volume_042_chunk1,,,,,,
Zircaloy-2,{},,"{'temp_C': None, 'medium': None, 'pressure_MPa': None, 'strain_rate_s-1': None, 'dpa': None, 'fluence': '2e9 to 3e12 n/cm²·s', 'time_h': None, 'atmosphere': None}",3fd3c8c3735c,,specific_heat,not_mentioned_in_text,not_available,auto_filled_domain_placeholder,text,,,,STP551-EB-Zirconium in the Nuclear Industry_2nd Volume_042_chunk1,,,,,,
Zircaloy-2,{},,"{'temp_C': None, 'medium': None, 'pressure_MPa': None, 'strain_rate_s-1': None, 'dpa': None, 'fluence': '2e9 to 3e12 n/cm²·s', 'time_h': None, 'atmosphere': None}",3fd3c8c3735c,,thermal_conductivity,not_mentioned_in_text,not_available,auto_filled_domain_placeholder,text,,,,STP551-EB-Zirconium in the Nuclear Industry_2nd Volume_042_chunk1,,,,,,
Zircaloy-2,{},,"{'temp_C': None, 'medium': None, 'pressure_MPa': None, 'strain_rate_s-1': None, 'dpa': None, 'fluence': '2e9 to 3e12 n/cm²·s', 'time_h': None, 'atmosphere': None}",3fd3c8c3735c,,elastoplastic_model,not_mentioned_in_text,not_available,auto_filled_domain_placeholder,text,,,,STP551-EB-Zirconium in the Nuclear Industry_2nd Volume_042_chunk1,,,,,,
Zircaloy-2,{},,"{'temp_C': None, 'medium': None, 'pressure_MPa': None, 'strain_rate_s-1': None, 'dpa': None, 'fluence': '2e9 to 3e12 n/cm²·s', 'time_h': None, 'atmosphere': None}",3fd3c8c3735c,,thermal_expansion,not_mentioned_in_text,not_available,auto_filled_domain_placeholder,text,,,,STP551-EB-Zirconium in the Nuclear Industry_2nd Volume_042_chunk1,,,,,,
Zircaloy-2,{},,"{'temp_C': None, 'medium': None, 'pressure_MPa': None, 'strain_rate_s-1': None, 'dpa': None, 'fluence': '2e9 to 3e12 n/cm²·s', 'time_h': None, 'atmosphere': None}",3fd3c8c3735c,,irradiation_creep,not_mentioned_in_text,not_available,auto_filled_domain_placeholder,text,,,,STP551-EB-Zirconium in the Nuclear Industry_2nd Volume_042_chunk1,,,,,,
Zircaloy-2,{},,"{'temp_C': None, 'medium': None, 'pressure_MPa': None, 'strain_rate_s-1': None, 'dpa': None, 'fluence': '2e9 to 3e12 n/cm²·s', 'time_h': None, 'atmosphere': None}",3fd3c8c3735c,,irradiation_swelling,not_mentioned_in_text,not_available,auto_filled_domain_placeholder,text,,,,STP551-EB-Zirconium in the Nuclear Industry_2nd Volume_042_chunk1,,,,,,
Zircaloy-2,{},,"{'temp_C': None, 'medium': None, 'pressure_MPa': None, 'strain_rate_s-1': None, 'dpa': None, 'fluence': '2e9 to 3e12 n/cm²·s', 'time_h': None, 'atmosphere': None}",3fd3c8c3735c,,hardening,not_mentioned_in_text,not_available,auto_filled_domain_placeholder,text,,,,STP551-EB-Zirconium in the Nuclear Industry_2nd Volume_042_chunk1,,,,,,
Zircaloy-2,{},,"{'temp_C': None, 'medium': 'water with uranium', 'pressure_MPa': None, 'strain_rate_s-1': None, 'dpa': None, 'fluence': None, 'time_h': None, 'atmosphere': None}",3e8ea34719be,high,corrosion,"When uranium was present in the water, the corrosion rate increased for pickled and for autoclaved fuel rods, while hardly any effect was observed with anodized material",judgement,,text,surface treatment,corrosion_rate,,STP551-EB-Zirconium in the Nuclear Industry_2nd Volume_042_chunk1,"pickled, autoclaved, anodized",,,,,
Zircaloy-2,{},,"{'temp_C': None, 'medium': 'water with uranium', 'pressure_MPa': None, 'strain_rate_s-1': None, 'dpa': None, 'fluence': None, 'time_h': None, 'atmosphere': None}",3e8ea34719be,,density,not_mentioned_in_text,not_available,auto_filled_domain_placeholder,text,surface treatment,,,STP551-EB-Zirconium in the Nuclear Industry_2nd Volume_042_chunk1,"pickled, autoclaved, anodized",,,,,
Zircaloy-2,{},,"{'temp_C': None, 'medium': 'water with uranium', 'pressure_MPa': None, 'strain_rate_s-1': None, 'dpa': None, 'fluence': None, 'time_h': None, 'atmosphere': None}",3e8ea34719be,,specific_heat,not_mentioned_in_text,not_available,auto_filled_domain_placeholder,text,surface treatment,,,STP551-EB-Zirconium in the Nuclear Industry_2nd Volume_042_chunk1,"pickled, autoclaved, anodized",,,,,
Zircaloy-2,{},,"{'temp_C': None, 'medium': 'water with uranium', 'pressure_MPa': None, 'strain_rate_s-1': None, 'dpa': None, 'fluence': None, 'time_h': None, 'atmosphere': None}",3e8ea34719be,,thermal_conductivity,not_mentioned_in_text,not_available,auto_filled_domain_placeholder,text,surface treatment,,,STP551-EB-Zirconium in the Nuclear Industry_2nd Volume_042_chunk1,"pickled, autoclaved, anodized",,,,,
Zircaloy-2,{},,"{'temp_C': None, 'medium': 'water with uranium', 'pressure_MPa': None, 'strain_rate_s-1': None, 'dpa': None, 'fluence': None, 'time_h': None, 'atmosphere': None}",3e8ea34719be,,elastoplastic_model,not_mentioned_in_text,not_available,auto_filled_domain_placeholder,text,surface treatment,,,STP551-EB-Zirconium in the Nuclear Industry_2nd Volume_042_chunk1,"pickled, autoclaved, anodized",,,,,
Zircaloy-2,{},,"{'temp_C': None, 'medium': 'water with uranium', 'pressure_MPa': None, 'strain_rate_s-1': None, 'dpa': None, 'fluence': None, 'time_h': None, 'atmosphere': None}",3e8ea34719be,,thermal_expansion,not_mentioned_in_text,not_available,auto_filled_domain_placeholder,text,surface treatment,,,STP551-EB-Zirconium in the Nuclear Industry_2nd Volume_042_chunk1,"pickled, autoclaved, anodized",,,,,
Zircaloy-2,{},,"{'temp_C': None, 'medium': 'water with uranium', 'pressure_MPa': None, 'strain_rate_s-1': None, 'dpa': None, 'fluence': None, 'time_h': None, 'atmosphere': None}",3e8ea34719be,,irradiation_creep,not_mentioned_in_text,not_available,auto_filled_domain_placeholder,text,surface treatment,,,STP551-EB-Zirconium in the Nuclear Industry_2nd Volume_042_chunk1,"pickled, autoclaved, anodized",,,,,
Zircaloy-2,{},,"{'temp_C': None, 'medium': 'water with uranium', 'pressure_MPa': None, 'strain_rate_s-1': None, 'dpa': None, 'fluence': None, 'time_h': None, 'atmosphere': None}",3e8ea34719be,,irradiation_swelling,not_mentioned_in_text,not_available,auto_filled_domain_placeholder,text,surface treatment,,,STP551-EB-Zirconium in the Nuclear Industry_2nd Volume_042_chunk1,"pickled, autoclaved, anodized",,,,,
Zircaloy-2,{},,"{'temp_C': None, 'medium': 'water with uranium', 'pressure_MPa': None, 'strain_rate_s-1': None, 'dpa': None, 'fluence': None, 'time_h': None, 'atmosphere': None}",3e8ea34719be,,hardening,not_mentioned_in_text,not_available,auto_filled_domain_placeholder,text,surface treatment,,,STP551-EB-Zirconium in the Nuclear Industry_2nd Volume_042_chunk1,"pickled, autoclaved, anodized",,,,,
Zircaloy-2,{},,"{'temp_C': None, 'medium': None, 'pressure_MPa': None, 'strain_rate_s-1': None, 'dpa': None, 'fluence': None, 'time_h': None, 'atmosphere': 'in-pile and out-of-pile'}",73386d271dc2,high,corrosion,A deliberate fluoride contamination on the specimens increased the corrosion rate in-pile as well as out-of-pile,judgement,,text,contamination,corrosion_rate,,STP551-EB-Zirconium in the Nuclear Industry_2nd Volume_042_chunk1,fluoride contaminated,,,,,
Zircaloy-2,{},,"{'temp_C': None, 'medium': None, 'pressure_MPa': None, 'strain_rate_s-1': None, 'dpa': None, 'fluence': None, 'time_h': None, 'atmosphere': 'in-pile and out-of-pile'}",73386d271dc2,,density,not_mentioned_in_text,not_available,auto_filled_domain_placeholder,text,contamination,,,STP551-EB-Zirconium in the Nuclear Industry_2nd Volume_042_chunk1,fluoride contaminated,,,,,
Zircaloy-2,{},,"{'temp_C': None, 'medium': None, 'pressure_MPa': None, 'strain_rate_s-1': None, 'dpa': None, 'fluence': None, 'time_h': None, 'atmosphere': 'in-pile and out-of-pile'}",73386d271dc2,,specific_heat,not_mentioned_in_text,not_available,auto_filled_domain_placeholder,text,contamination,,,STP551-EB-Zirconium in the Nuclear Industry_2nd Volume_042_chunk1,fluoride contaminated,,,,,
Zircaloy-2,{},,"{'temp_C': None, 'medium': None, 'pressure_MPa': None, 'strain_rate_s-1': None, 'dpa': None, 'fluence': None, 'time_h': None, 'atmosphere': 'in-pile and out-of-pile'}",73386d271dc2,,thermal_conductivity,not_mentioned_in_text,not_available,auto_filled_domain_placeholder,text,contamination,,,STP551-EB-Zirconium in the Nuclear Industry_2nd Volume_042_chunk1,fluoride contaminated,,,,,
Zircaloy-2,{},,"{'temp_C': None, 'medium': None, 'pressure_MPa': None, 'strain_rate_s-1': None, 'dpa': None, 'fluence': None, 'time_h': None, 'atmosphere': 'in-pile and out-of-pile'}",73386d271dc2,,elastoplastic_model,not_mentioned_in_text,not_available,auto_filled_domain_placeholder,text,contamination,,,STP551-EB-Zirconium in the Nuclear Industry_2nd Volume_042_chunk1,fluoride contaminated,,,,,
Zircaloy-2,{},,"{'temp_C': None, 'medium': None, 'pressure_MPa': None, 'strain_rate_s-1': None, 'dpa': None, 'fluence': None, 'time_h': None, 'atmosphere': 'in-pile and out-of-pile'}",73386d271dc2,,thermal_expansion,not_mentioned_in_text,not_available,auto_filled_domain_placeholder,text,contamination,,,STP551-EB-Zirconium in the Nuclear Industry_2nd Volume_042_chunk1,fluoride contaminated,,,,,
Zircaloy-2,{},,"{'temp_C': None, 'medium': None, 'pressure_MPa': None, 'strain_rate_s-1': None, 'dpa': None, 'fluence': None, 'time_h': None, 'atmosphere': 'in-pile and out-of-pile'}",73386d271dc2,,irradiation_creep,not_mentioned_in_text,not_available,auto_filled_domain_placeholder,text,contamination,,,STP551-EB-Zirconium in the Nuclear Industry_2nd Volume_042_chunk1,fluoride contaminated,,,,,
Zircaloy-2,{},,"{'temp_C': None, 'medium': None, 'pressure_MPa': None, 'strain_rate_s-1': None, 'dpa': None, 'fluence': None, 'time_h': None, 'atmosphere': 'in-pile and out-of-pile'}",73386d271dc2,,irradiation_swelling,not_mentioned_in_text,not_available,auto_filled_domain_placeholder,text,contamination,,,STP551-EB-Zirconium in the Nuclear Industry_2nd Volume_042_chunk1,fluoride contaminated,,,,,
Zircaloy-2,{},,"{'temp_C': None, 'medium': None, 'pressure_MPa': None, 'strain_rate_s-1': None, 'dpa': None, 'fluence': None, 'time_h': None, 'atmosphere': 'in-pile and out-of-pile'}",73386d271dc2,,hardening,not_mentioned_in_text,not_available,auto_filled_domain_placeholder,text,contamination,,,STP551-EB-Zirconium in the Nuclear Industry_2nd Volume_042_chunk1,fluoride contaminated,,,,,
Zircaloy-2,{},,"{'temp_C': None, 'medium': 'fluoride contaminated', 'pressure_MPa': None, 'strain_rate_s-1': None, 'dpa': None, 'fluence': None, 'time_h': None, 'atmosphere': None}",3a2f9b2b7e94,high,corrosion,By anodizing this harmful effect of fluorides could be completely counteracted,judgement,,text,anodizing,corrosion_rate,,STP551-EB-Zirconium in the Nuclear Industry_2nd Volume_042_chunk1,anodized,,,,,
Zircaloy-2,{},,"{'temp_C': None, 'medium': 'fluoride contaminated', 'pressure_MPa': None, 'strain_rate_s-1': None, 'dpa': None, 'fluence': None, 'time_h': None, 'atmosphere': None}",3a2f9b2b7e94,,density,not_mentioned_in_text,not_available,auto_filled_domain_placeholder,text,anodizing,,,STP551-EB-Zirconium in the Nuclear Industry_2nd Volume_042_chunk1,anodized,,,,,
Zircaloy-2,{},,"{'temp_C': None, 'medium': 'fluoride contaminated', 'pressure_MPa': None, 'strain_rate_s-1': None, 'dpa': None, 'fluence': None, 'time_h': None, 'atmosphere': None}",3a2f9b2b7e94,,specific_heat,not_mentioned_in_text,not_available,auto_filled_domain_placeholder,text,anodizing,,,STP551-EB-Zirconium in the Nuclear Industry_2nd Volume_042_chunk1,anodized,,,,,
Zircaloy-2,{},,"{'temp_C': None, 'medium': 'fluoride contaminated', 'pressure_MPa': None, 'strain_rate_s-1': None, 'dpa': None, 'fluence': None, 'time_h': None, 'atmosphere': None}",3a2f9b2b7e94,,thermal_conductivity,not_mentioned_in_text,not_available,auto_filled_domain_placeholder,text,anodizing,,,STP551-EB-Zirconium in the Nuclear Industry_2nd Volume_042_chunk1,anodized,,,,,
Zircaloy-2,{},,"{'temp_C': None, 'medium': 'fluoride contaminated', 'pressure_MPa': None, 'strain_rate_s-1': None, 'dpa': None, 'fluence': None, 'time_h': None, 'atmosphere': None}",3a2f9b2b7e94,,elastoplastic_model,not_mentioned_in_text,not_available,auto_filled_domain_placeholder,text,anodizing,,,STP551-EB-Zirconium in the Nuclear Industry_2nd Volume_042_chunk1,anodized,,,,,
Zircaloy-2,{},,"{'temp_C': None, 'medium': 'fluoride contaminated', 'pressure_MPa': None, 'strain_rate_s-1': None, 'dpa': None, 'fluence': None, 'time_h': None, 'atmosphere': None}",3a2f9b2b7e94,,thermal_expansion,not_mentioned_in_text,not_available,auto_filled_domain_placeholder,text,anodizing,,,STP551-EB-Zirconium in the Nuclear Industry_2nd Volume_042_chunk1,anodized,,,,,
Zircaloy-2,{},,"{'temp_C': None, 'medium': 'fluoride contaminated', 'pressure_MPa': None, 'strain_rate_s-1': None, 'dpa': None, 'fluence': None, 'time_h': None, 'atmosphere': None}",3a2f9b2b7e94,,irradiation_creep,not_mentioned_in_text,not_available,auto_filled_domain_placeholder,text,anodizing,,,STP551-EB-Zirconium in the Nuclear Industry_2nd Volume_042_chunk1,anodized,,,,,
Zircaloy-2,{},,"{'temp_C': None, 'medium': 'fluoride contaminated', 'pressure_MPa': None, 'strain_rate_s-1': None, 'dpa': None, 'fluence': None, 'time_h': None, 'atmosphere': None}",3a2f9b2b7e94,,irradiation_swelling,not_mentioned_in_text,not_available,auto_filled_domain_placeholder,text,anodizing,,,STP551-EB-Zirconium in the Nuclear Industry_2nd Volume_042_chunk1,anodized,,,,,
Zircaloy-2,{},,"{'temp_C': None, 'medium': 'fluoride contaminated', 'pressure_MPa': None, 'strain_rate_s-1': None, 'dpa': None, 'fluence': None, 'time_h': None, 'atmosphere': None}",3a2f9b2b7e94,,hardening,not_mentioned_in_text,not_available,auto_filled_domain_placeholder,text,anodizing,,,STP551-EB-Zirconium in the Nuclear Industry_2nd Volume_042_chunk1,anodized,,,,,
Zircaloy-2,{},,"{'temp_C': None, 'medium': 'hydrofluoric-nitric acid mixture', 'pressure_MPa': None, 'strain_rate_s-1': None, 'dpa': None, 'fluence': None, 'time_h': None, 'atmosphere': None}",433b7e8621f2,high,corrosion,All specimens of Zircaloy-2 were first pickled in a hydrofluoric-nitric acid mixture,description,,text,pickling,treatment_method,,STP551-EB-Zirconium in the Nuclear Industry_2nd Volume_042_chunk1,pickled,,,,,
Zircaloy-2,{},,"{'temp_C': None, 'medium': 'hydrofluoric-nitric acid mixture', 'pressure_MPa': None, 'strain_rate_s-1': None, 'dpa': None, 'fluence': None, 'time_h': None, 'atmosphere': None}",433b7e8621f2,high,corrosion,A pickling procedure will leave 0.3 to 0.5 μg fluorine/cm² on the surface,measurement,,text,pickling,fluorine_concentration,μg/cm²,STP551-EB-Zirconium in the Nuclear Industry_2nd Volume_042_chunk1,pickled,,μg/cm²,,0.5,0.3
Zircaloy-2,{},,"{'temp_C': None, 'medium': 'hydrofluoric-nitric acid mixture', 'pressure_MPa': None, 'strain_rate_s-1': None, 'dpa': None, 'fluence': None, 'time_h': None, 'atmosphere': None}",433b7e8621f2,,density,not_mentioned_in_text,not_available,auto_filled_domain_placeholder,text,pickling,,,STP551-EB-Zirconium in the Nuclear Industry_2nd Volume_042_chunk1,pickled,,,,,
Zircaloy-2,{},,"{'temp_C': None, 'medium': 'hydrofluoric-nitric acid mixture', 'pressure_MPa': None, 'strain_rate_s-1': None, 'dpa': None, 'fluence': None, 'time_h': None, 'atmosphere': None}",433b7e8621f2,,specific_heat,not_mentioned_in_text,not_available,auto_filled_domain_placeholder,text,pickling,,,STP551-EB-Zirconium in the Nuclear Industry_2nd Volume_042_chunk1,pickled,,,,,
Zircaloy-2,{},,"{'temp_C': None, 'medium': 'hydrofluoric-nitric acid mixture', 'pressure_MPa': None, 'strain_rate_s-1': None, 'dpa': None, 'fluence': None, 'time_h': None, 'atmosphere': None}",433b7e8621f2,,thermal_conductivity,not_mentioned_in_text,not_available,auto_filled_domain_placeholder,text,pickling,,,STP551-EB-Zirconium in the Nuclear Industry_2nd Volume_042_chunk1,pickled,,,,,
Zircaloy-2,{},,"{'temp_C': None, 'medium': 'hydrofluoric-nitric acid mixture', 'pressure_MPa': None, 'strain_rate_s-1': None, 'dpa': None, 'fluence': None, 'time_h': None, 'atmosphere': None}",433b7e8621f2,,elastoplastic_model,not_mentioned_in_text,not_available,auto_filled_domain_placeholder,text,pickling,,,STP551-EB-Zirconium in the Nuclear Industry_2nd Volume_042_chunk1,pickled,,,,,
Zircaloy-2,{},,"{'temp_C': None, 'medium': 'hydrofluoric-nitric acid mixture', 'pressure_MPa': None, 'strain_rate_s-1': None, 'dpa': None, 'fluence': None, 'time_h': None, 'atmosphere': None}",433b7e8621f2,,thermal_expansion,not_mentioned_in_text,not_available,auto_filled_domain_placeholder,text,pickling,,,STP551-EB-Zirconium in the Nuclear Industry_2nd Volume_042_chunk1,pickled,,,,,
Zircaloy-2,{},,"{'temp_C': None, 'medium': 'hydrofluoric-nitric acid mixture', 'pressure_MPa': None, 'strain_rate_s-1': None, 'dpa': None, 'fluence': None, 'time_h': None, 'atmosphere': None}",433b7e8621f2,,irradiation_creep,not_mentioned_in_text,not_available,auto_filled_domain_placeholder,text,pickling,,,STP551-EB-Zirconium in the Nuclear Industry_2nd Volume_042_chunk1,pickled,,,,,
Zircaloy-2,{},,"{'temp_C': None, 'medium': 'hydrofluoric-nitric acid mixture', 'pressure_MPa': None, 'strain_rate_s-1': None, 'dpa': None, 'fluence': None, 'time_h': None, 'atmosphere': None}",433b7e8621f2,,irradiation_swelling,not_mentioned_in_text,not_available,auto_filled_domain_placeholder,text,pickling,,,STP551-EB-Zirconium in the Nuclear Industry_2nd Volume_042_chunk1,pickled,,,,,
Zircaloy-2,{},,"{'temp_C': None, 'medium': 'hydrofluoric-nitric acid mixture', 'pressure_MPa': None, 'strain_rate_s-1': None, 'dpa': None, 'fluence': None, 'time_h': None, 'atmosphere': None}",433b7e8621f2,,hardening,not_mentioned_in_text,not_available,auto_filled_domain_placeholder,text,pickling,,,STP551-EB-Zirconium in the Nuclear Industry_2nd Volume_042_chunk1,pickled,,,,,
Zircaloy-2,{},,"{'temp_C': 400, 'medium': 'steam', 'pressure_MPa': 4.9, 'strain_rate_s-1': None, 'dpa': None, 'fluence': None, 'time_h': 72, 'atmosphere': None}",f280a7a46c41,high,corrosion,Autoclaving was normally carried out for three days in steam at 400°C (752°F) and 50 kp/cm² (4.9 MPa),description,,text,autoclaving,treatment_conditions,,STP551-EB-Zirconium in the Nuclear Industry_2nd Volume_042_chunk1,autoclaved,,,,,
Zircaloy-2,{},,"{'temp_C': 400, 'medium': 'steam', 'pressure_MPa': 4.9, 'strain_rate_s-1': None, 'dpa': None, 'fluence': None, 'time_h': 72, 'atmosphere': None}",f280a7a46c41,high,corrosion,The weight gain was 15 mg/dm²,measurement,,text,autoclaving,weight_gain,mg/dm²,STP551-EB-Zirconium in the Nuclear Industry_2nd Volume_042_chunk1,autoclaved,,mg/dm²,15,,
Zircaloy-2,{},,"{'temp_C': 400, 'medium': 'steam', 'pressure_MPa': 4.9, 'strain_rate_s-1': None, 'dpa': None, 'fluence': None, 'time_h': 72, 'atmosphere': None}",f280a7a46c41,,density,not_mentioned_in_text,not_available,auto_filled_domain_placeholder,text,autoclaving,,,STP551-EB-Zirconium in the Nuclear Industry_2nd Volume_042_chunk1,autoclaved,,,,,
Zircaloy-2,{},,"{'temp_C': 400, 'medium': 'steam', 'pressure_MPa': 4.9, 'strain_rate_s-1': None, 'dpa': None, 'fluence': None, 'time_h': 72, 'atmosphere': None}",f280a7a46c41,,specific_heat,not_mentioned_in_text,not_available,auto_filled_domain_placeholder,text,autoclaving,,,STP551-EB-Zirconium in the Nuclear Industry_2nd Volume_042_chunk1,autoclaved,,,,,
Zircaloy-2,{},,"{'temp_C': 400, 'medium': 'steam', 'pressure_MPa': 4.9, 'strain_rate_s-1': None, 'dpa': None, 'fluence': None, 'time_h': 72, 'atmosphere': None}",f280a7a46c41,,thermal_conductivity,not_mentioned_in_text,not_available,auto_filled_domain_placeholder,text,autoclaving,,,STP551-EB-Zirconium in the Nuclear Industry_2nd Volume_042_chunk1,autoclaved,,,,,
Zircaloy-2,{},,"{'temp_C': 400, 'medium': 'steam', 'pressure_MPa': 4.9, 'strain_rate_s-1': None, 'dpa': None, 'fluence': None, 'time_h': 72, 'atmosphere': None}",f280a7a46c41,,elastoplastic_model,not_mentioned_in_text,not_available,auto_filled_domain_placeholder,text,autoclaving,,,STP551-EB-Zirconium in the Nuclear Industry_2nd Volume_042_chunk1,autoclaved,,,,,
Zircaloy-2,{},,"{'temp_C': 400, 'medium': 'steam', 'pressure_MPa': 4.9, 'strain_rate_s-1': None, 'dpa': None, 'fluence': None, 'time_h': 72, 'atmosphere': None}",f280a7a46c41,,thermal_expansion,not_mentioned_in_text,not_available,auto_filled_domain_placeholder,text,autoclaving,,,STP551-EB-Zirconium in the Nuclear Industry_2nd Volume_042_chunk1,autoclaved,,,,,
Zircaloy-2,{},,"{'temp_C': 400, 'medium': 'steam', 'pressure_MPa': 4.9, 'strain_rate_s-1': None, 'dpa': None, 'fluence': None, 'time_h': 72, 'atmosphere': None}",f280a7a46c41,,irradiation_creep,not_mentioned_in_text,not_available,auto_filled_domain_placeholder,text,autoclaving,,,STP551-EB-Zirconium in the Nuclear Industry_2nd Volume_042_chunk1,autoclaved,,,,,
Zircaloy-2,{},,"{'temp_C': 400, 'medium': 'steam', 'pressure_MPa': 4.9, 'strain_rate_s-1': None, 'dpa': None, 'fluence': None, 'time_h': 72, 'atmosphere': None}",f280a7a46c41,,irradiation_swelling,not_mentioned_in_text,not_available,auto_filled_domain_placeholder,text,autoclaving,,,STP551-EB-Zirconium in the Nuclear Industry_2nd Volume_042_chunk1,autoclaved,,,,,
Zircaloy-2,{},,"{'temp_C': 400, 'medium': 'steam', 'pressure_MPa': 4.9, 'strain_rate_s-1': None, 'dpa': None, 'fluence': None, 'time_h': 72, 'atmosphere': None}",f280a7a46c41,,hardening,not_mentioned_in_text,not_available,auto_filled_domain_placeholder,text,autoclaving,,,STP551-EB-Zirconium in the Nuclear Industry_2nd Volume_042_chunk1,autoclaved,,,,,
Zircaloy-2,{},,"{'temp_C': None, 'medium': 'aqueous electrolyte with 0.5% KOH', 'pressure_MPa': None, 'strain_rate_s-1': None, 'dpa': None, 'fluence': None, 'time_h': None, 'atmosphere': None}",6ea06c6d8aff,high,corrosion,The anodizing was done by using an aqueous electrolyte containing 0.5 percent potassium hydroxide (KOH),description,,text,anodizing,treatment_method,,STP551-EB-Zirconium in the Nuclear Industry_2nd Volume_042_chunk1,anodized,,,,,
Zircaloy-2,{},,"{'temp_C': None, 'medium': 'aqueous electrolyte with 0.5% KOH', 'pressure_MPa': None, 'strain_rate_s-1': None, 'dpa': None, 'fluence': None, 'time_h': None, 'atmosphere': None}",6ea06c6d8aff,high,corrosion,The weight gain after this process was 6 mg/dm²,measurement,,text,anodizing,weight_gain,mg/dm²,STP551-EB-Zirconium in the Nuclear Industry_2nd Volume_042_chunk1,anodized,,mg/dm²,6,,
Zircaloy-2,{},,"{'temp_C': None, 'medium': 'aqueous electrolyte with 0.5% KOH', 'pressure_MPa': None, 'strain_rate_s-1': None, 'dpa': None, 'fluence': None, 'time_h': None, 'atmosphere': None}",6ea06c6d8aff,,density,not_mentioned_in_text,not_available,auto_filled_domain_placeholder,text,anodizing,,,STP551-EB-Zirconium in the Nuclear Industry_2nd Volume_042_chunk1,anodized,,,,,
Zircaloy-2,{},,"{'temp_C': None, 'medium': 'aqueous electrolyte with 0.5% KOH', 'pressure_MPa': None, 'strain_rate_s-1': None, 'dpa': None, 'fluence': None, 'time_h': None, 'atmosphere': None}",6ea06c6d8aff,,specific_heat,not_mentioned_in_text,not_available,auto_filled_domain_placeholder,text,anodizing,,,STP551-EB-Zirconium in the Nuclear Industry_2nd Volume_042_chunk1,anodized,,,,,
Zircaloy-2,{},,"{'temp_C': None, 'medium': 'aqueous electrolyte with 0.5% KOH', 'pressure_MPa': None, 'strain_rate_s-1': None, 'dpa': None, 'fluence': None, 'time_h': None, 'atmosphere': None}",6ea06c6d8aff,,thermal_conductivity,not_mentioned_in_text,not_available,auto_filled_domain_placeholder,text,anodizing,,,STP551-EB-Zirconium in the Nuclear Industry_2nd Volume_042_chunk1,anodized,,,,,
Zircaloy-2,{},,"{'temp_C': None, 'medium': 'aqueous electrolyte with 0.5% KOH', 'pressure_MPa': None, 'strain_rate_s-1': None, 'dpa': None, 'fluence': None, 'time_h': None, 'atmosphere': None}",6ea06c6d8aff,,elastoplastic_model,not_mentioned_in_text,not_available,auto_filled_domain_placeholder,text,anodizing,,,STP551-EB-Zirconium in the Nuclear Industry_2nd Volume_042_chunk1,anodized,,,,,
Zircaloy-2,{},,"{'temp_C': None, 'medium': 'aqueous electrolyte with 0.5% KOH', 'pressure_MPa': None, 'strain_rate_s-1': None, 'dpa': None, 'fluence': None, 'time_h': None, 'atmosphere': None}",6ea06c6d8aff,,thermal_expansion,not_mentioned_in_text,not_available,auto_filled_domain_placeholder,text,anodizing,,,STP551-EB-Zirconium in the Nuclear Industry_2nd Volume_042_chunk1,anodized,,,,,
Zircaloy-2,{},,"{'temp_C': None, 'medium': 'aqueous electrolyte with 0.5% KOH', 'pressure_MPa': None, 'strain_rate_s-1': None, 'dpa': None, 'fluence': None, 'time_h': None, 'atmosphere': None}",6ea06c6d8aff,,irradiation_creep,not_mentioned_in_text,not_available,auto_filled_domain_placeholder,text,anodizing,,,STP551-EB-Zirconium in the Nuclear Industry_2nd Volume_042_chunk1,anodized,,,,,
Zircaloy-2,{},,"{'temp_C': None, 'medium': 'aqueous electrolyte with 0.5% KOH', 'pressure_MPa': None, 'strain_rate_s-1': None, 'dpa': None, 'fluence': None, 'time_h': None, 'atmosphere': None}",6ea06c6d8aff,,irradiation_swelling,not_mentioned_in_text,not_available,auto_filled_domain_placeholder,text,anodizing,,,STP551-EB-Zirconium in the Nuclear Industry_2nd Volume_042_chunk1,anodized,,,,,
Zircaloy-2,{},,"{'temp_C': None, 'medium': 'aqueous electrolyte with 0.5% KOH', 'pressure_MPa': None, 'strain_rate_s-1': None, 'dpa': None, 'fluence': None, 'time_h': None, 'atmosphere': None}",6ea06c6d8aff,,hardening,not_mentioned_in_text,not_available,auto_filled_domain_placeholder,text,anodizing,,,STP551-EB-Zirconium in the Nuclear Industry_2nd Volume_042_chunk1,anodized,,,,,
Zircaloy-2,{},,"{'temp_C': None, 'medium': 'hydrofluoric acid', 'pressure_MPa': None, 'strain_rate_s-1': None, 'dpa': None, 'fluence': None, 'time_h': None, 'atmosphere': None}",feebd81f6e10,high,corrosion,the acid concentration was adjusted to give an average contamination of ~5 μg fluorine/cm²,measurement,,text,contamination,fluorine_concentration,μg/cm²,STP551-EB-Zirconium in the Nuclear Industry_2nd Volume_042_chunk1,fluoride contaminated,,μg/cm²,5,,
Zircaloy-2,{},,"{'temp_C': None, 'medium': 'hydrofluoric acid', 'pressure_MPa': None, 'strain_rate_s-1': None, 'dpa': None, 'fluence': None, 'time_h': None, 'atmosphere': None}",feebd81f6e10,,density,not_mentioned_in_text,not_available,auto_filled_domain_placeholder,text,contamination,,,STP551-EB-Zirconium in the Nuclear Industry_2nd Volume_042_chunk1,fluoride contaminated,,,,,
Zircaloy-2,{},,"{'temp_C': None, 'medium': 'hydrofluoric acid', 'pressure_MPa': None, 'strain_rate_s-1': None, 'dpa': None, 'fluence': None, 'time_h': None, 'atmosphere': None}",feebd81f6e10,,specific_heat,not_mentioned_in_text,not_available,auto_filled_domain_placeholder,text,contamination,,,STP551-EB-Zirconium in the Nuclear Industry_2nd Volume_042_chunk1,fluoride contaminated,,,,,
Zircaloy-2,{},,"{'temp_C': None, 'medium': 'hydrofluoric acid', 'pressure_MPa': None, 'strain_rate_s-1': None, 'dpa': None, 'fluence': None, 'time_h': None, 'atmosphere': None}",feebd81f6e10,,thermal_conductivity,not_mentioned_in_text,not_available,auto_filled_domain_placeholder,text,contamination,,,STP551-EB-Zirconium in the Nuclear Industry_2nd Volume_042_chunk1,fluoride contaminated,,,,,
Zircaloy-2,{},,"{'temp_C': None, 'medium': 'hydrofluoric acid', 'pressure_MPa': None, 'strain_rate_s-1': None, 'dpa': None, 'fluence': None, 'time_h': None, 'atmosphere': None}",feebd81f6e10,,elastoplastic_model,not_mentioned_in_text,not_available,auto_filled_domain_placeholder,text,contamination,,,STP551-EB-Zirconium in the Nuclear Industry_2nd Volume_042_chunk1,fluoride contaminated,,,,,
Zircaloy-2,{},,"{'temp_C': None, 'medium': 'hydrofluoric acid', 'pressure_MPa': None, 'strain_rate_s-1': None, 'dpa': None, 'fluence': None, 'time_h': None, 'atmosphere': None}",feebd81f6e10,,thermal_expansion,not_mentioned_in_text,not_available,auto_filled_domain_placeholder,text,contamination,,,STP551-EB-Zirconium in the Nuclear Industry_2nd Volume_042_chunk1,fluoride contaminated,,,,,
Zircaloy-2,{},,"{'temp_C': None, 'medium': 'hydrofluoric acid', 'pressure_MPa': None, 'strain_rate_s-1': None, 'dpa': None, 'fluence': None, 'time_h': None, 'atmosphere': None}",feebd81f6e10,,irradiation_creep,not_mentioned_in_text,not_available,auto_filled_domain_placeholder,text,contamination,,,STP551-EB-Zirconium in the Nuclear Industry_2nd Volume_042_chunk1,fluoride contaminated,,,,,
Zircaloy-2,{},,"{'temp_C': None, 'medium': 'hydrofluoric acid', 'pressure_MPa': None, 'strain_rate_s-1': None, 'dpa': None, 'fluence': None, 'time_h': None, 'atmosphere': None}",feebd81f6e10,,irradiation_swelling,not_mentioned_in_text,not_available,auto_filled_domain_placeholder,text,contamination,,,STP551-EB-Zirconium in the Nuclear Industry_2nd Volume_042_chunk1,fluoride contaminated,,,,,
Zircaloy-2,{},,"{'temp_C': None, 'medium': 'hydrofluoric acid', 'pressure_MPa': None, 'strain_rate_s-1': None, 'dpa': None, 'fluence': None, 'time_h': None, 'atmosphere': None}",feebd81f6e10,,hardening,not_mentioned_in_text,not_available,auto_filled_domain_placeholder,text,contamination,,,STP551-EB-Zirconium in the Nuclear Industry_2nd Volume_042_chunk1,fluoride contaminated,,,,,
Zircaloy-2,{},,"{'temp_C': None, 'medium': 'hydrofluoric vapor', 'pressure_MPa': None, 'strain_rate_s-1': None, 'dpa': None, 'fluence': None, 'time_h': None, 'atmosphere': None}",78099b650667,high,corrosion,The vapor contaminated specimens had surface concentrations of 5 to 10 μg fluorine/cm²,measurement,,text,vapor contamination,fluorine_concentration,μg/cm²,STP551-EB-Zirconium in the Nuclear Industry_2nd Volume_042_chunk1,fluoride contaminated,,μg/cm²,,10,5
Zircaloy-2,{},,"{'temp_C': None, 'medium': 'hydrofluoric vapor', 'pressure_MPa': None, 'strain_rate_s-1': None, 'dpa': None, 'fluence': None, 'time_h': None, 'atmosphere': None}",78099b650667,,density,not_mentioned_in_text,not_available,auto_filled_domain_placeholder,text,vapor contamination,,,STP551-EB-Zirconium in the Nuclear Industry_2nd Volume_042_chunk1,fluoride contaminated,,,,,
Zircaloy-2,{},,"{'temp_C': None, 'medium': 'hydrofluoric vapor', 'pressure_MPa': None, 'strain_rate_s-1': None, 'dpa': None, 'fluence': None, 'time_h': None, 'atmosphere': None}",78099b650667,,specific_heat,not_mentioned_in_text,not_available,auto_filled_domain_placeholder,text,vapor contamination,,,STP551-EB-Zirconium in the Nuclear Industry_2nd Volume_042_chunk1,fluoride contaminated,,,,,
Zircaloy-2,{},,"{'temp_C': None, 'medium': 'hydrofluoric vapor', 'pressure_MPa': None, 'strain_rate_s-1': None, 'dpa': None, 'fluence': None, 'time_h': None, 'atmosphere': None}",78099b650667,,thermal_conductivity,not_mentioned_in_text,not_available,auto_filled_domain_placeholder,text,vapor contamination,,,STP551-EB-Zirconium in the Nuclear Industry_2nd Volume_042_chunk1,fluoride contaminated,,,,,
Zircaloy-2,{},,"{'temp_C': None, 'medium': 'hydrofluoric vapor', 'pressure_MPa': None, 'strain_rate_s-1': None, 'dpa': None, 'fluence': None, 'time_h': None, 'atmosphere': None}",78099b650667,,elastoplastic_model,not_mentioned_in_text,not_available,auto_filled_domain_placeholder,text,vapor contamination,,,STP551-EB-Zirconium in the Nuclear Industry_2nd Volume_042_chunk1,fluoride contaminated,,,,,
Zircaloy-2,{},,"{'temp_C': None, 'medium': 'hydrofluoric vapor', 'pressure_MPa': None, 'strain_rate_s-1': None, 'dpa': None, 'fluence': None, 'time_h': None, 'atmosphere': None}",78099b650667,,thermal_expansion,not_mentioned_in_text,not_available,auto_filled_domain_placeholder,text,vapor contamination,,,STP551-EB-Zirconium in the Nuclear Industry_2nd Volume_042_chunk1,fluoride contaminated,,,,,
Zircaloy-2,{},,"{'temp_C': None, 'medium': 'hydrofluoric vapor', 'pressure_MPa': None, 'strain_rate_s-1': None, 'dpa': None, 'fluence': None, 'time_h': None, 'atmosphere': None}",78099b650667,,irradiation_creep,not_mentioned_in_text,not_available,auto_filled_domain_placeholder,text,vapor contamination,,,STP551-EB-Zirconium in the Nuclear Industry_2nd Volume_042_chunk1,fluoride contaminated,,,,,
Zircaloy-2,{},,"{'temp_C': None, 'medium': 'hydrofluoric vapor', 'pressure_MPa': None, 'strain_rate_s-1': None, 'dpa': None, 'fluence': None, 'time_h': None, 'atmosphere': None}",78099b650667,,irradiation_swelling,not_mentioned_in_text,not_available,auto_filled_domain_placeholder,text,vapor contamination,,,STP551-EB-Zirconium in the Nuclear Industry_2nd Volume_042_chunk1,fluoride contaminated,,,,,
Zircaloy-2,{},,"{'temp_C': None, 'medium': 'hydrofluoric vapor', 'pressure_MPa': None, 'strain_rate_s-1': None, 'dpa': None, 'fluence': None, 'time_h': None, 'atmosphere': None}",78099b650667,,hardening,not_mentioned_in_text,not_available,auto_filled_domain_placeholder,text,vapor contamination,,,STP551-EB-Zirconium in the Nuclear Industry_2nd Volume_042_chunk1,fluoride contaminated,,,,,
Zircaloy-2,{},,"{'temp_C': 240, 'medium': 'heavy water', 'pressure_MPa': 3.2, 'strain_rate_s-1': None, 'dpa': None, 'fluence': '3e12 to 5e12 n/cm²·s', 'time_h': None, 'atmosphere': '0.04 ppm O₂, 0.01 ppm D₂'}",f068794dabb2,high,irradiation_creep,"A. Reactor core, fuel pins, 240 ± 2°C, 0.04 ppm Oxygen, 0.01 ppm Deuterium, 3×10¹²-5×10¹² n/cm²·s fast flux",description,,Table 1,,test_conditions,,STP551-EB-Zirconium in the Nuclear Industry_2nd Volume_042_chunk1,fuel pins,,,,,
Zircaloy-2,{},,"{'temp_C': 240, 'medium': 'heavy water', 'pressure_MPa': 3.2, 'strain_rate_s-1': None, 'dpa': None, 'fluence': '3e12 to 5e12 n/cm²·s', 'time_h': None, 'atmosphere': '0.04 ppm O₂, 0.01 ppm D₂'}",f068794dabb2,,density,not_mentioned_in_text,not_available,auto_filled_domain_placeholder,Table 1,,,,STP551-EB-Zirconium in the Nuclear Industry_2nd Volume_042_chunk1,fuel pins,,,,,
Zircaloy-2,{},,"{'temp_C': 240, 'medium': 'heavy water', 'pressure_MPa': 3.2, 'strain_rate_s-1': None, 'dpa': None, 'fluence': '3e12 to 5e12 n/cm²·s', 'time_h': None, 'atmosphere': '0.04 ppm O₂, 0.01 ppm D₂'}",f068794dabb2,,specific_heat,not_mentioned_in_text,not_available,auto_filled_domain_placeholder,Table 1,,,,STP551-EB-Zirconium in the Nuclear Industry_2nd Volume_042_chunk1,fuel pins,,,,,
Zircaloy-2,{},,"{'temp_C': 240, 'medium': 'heavy water', 'pressure_MPa': 3.2, 'strain_rate_s-1': None, 'dpa': None, 'fluence': '3e12 to 5e12 n/cm²·s', 'time_h': None, 'atmosphere': '0.04 ppm O₂, 0.01 ppm D₂'}",f068794dabb2,,thermal_conductivity,not_mentioned_in_text,not_available,auto_filled_domain_placeholder,Table 1,,,,STP551-EB-Zirconium in the Nuclear Industry_2nd Volume_042_chunk1,fuel pins,,,,,
Zircaloy-2,{},,"{'temp_C': 240, 'medium': 'heavy water', 'pressure_MPa': 3.2, 'strain_rate_s-1': None, 'dpa': None, 'fluence': '3e12 to 5e12 n/cm²·s', 'time_h': None, 'atmosphere': '0.04 ppm O₂, 0.01 ppm D₂'}",f068794dabb2,,elastoplastic_model,not_mentioned_in_text,not_available,auto_filled_domain_placeholder,Table 1,,,,STP551-EB-Zirconium in the Nuclear Industry_2nd Volume_042_chunk1,fuel pins,,,,,
Zircaloy-2,{},,"{'temp_C': 240, 'medium': 'heavy water', 'pressure_MPa': 3.2, 'strain_rate_s-1': None, 'dpa': None, 'fluence': '3e12 to 5e12 n/cm²·s', 'time_h': None, 'atmosphere': '0.04 ppm O₂, 0.01 ppm D₂'}",f068794dabb2,,thermal_expansion,not_mentioned_in_text,not_available,auto_filled_domain_placeholder,Table 1,,,,STP551-EB-Zirconium in the Nuclear Industry_2nd Volume_042_chunk1,fuel pins,,,,,
Zircaloy-2,{},,"{'temp_C': 240, 'medium': 'heavy water', 'pressure_MPa': 3.2, 'strain_rate_s-1': None, 'dpa': None, 'fluence': '3e12 to 5e12 n/cm²·s', 'time_h': None, 'atmosphere': '0.04 ppm O₂, 0.01 ppm D₂'}",f068794dabb2,,irradiation_swelling,not_mentioned_in_text,not_available,auto_filled_domain_placeholder,Table 1,,,,STP551-EB-Zirconium in the Nuclear Industry_2nd Volume_042_chunk1,fuel pins,,,,,
Zircaloy-2,{},,"{'temp_C': 240, 'medium': 'heavy water', 'pressure_MPa': 3.2, 'strain_rate_s-1': None, 'dpa': None, 'fluence': '3e12 to 5e12 n/cm²·s', 'time_h': None, 'atmosphere': '0.04 ppm O₂, 0.01 ppm D₂'}",f068794dabb2,,corrosion,not_mentioned_in_text,not_available,auto_filled_domain_placeholder,Table 1,,,,STP551-EB-Zirconium in the Nuclear Industry_2nd Volume_042_chunk1,fuel pins,,,,,
Zircaloy-2,{},,"{'temp_C': 240, 'medium': 'heavy water', 'pressure_MPa': 3.2, 'strain_rate_s-1': None, 'dpa': None, 'fluence': '3e12 to 5e12 n/cm²·s', 'time_h': None, 'atmosphere': '0.04 ppm O₂, 0.01 ppm D₂'}",f068794dabb2,,hardening,not_mentioned_in_text,not_available,auto_filled_domain_placeholder,Table 1,,,,STP551-EB-Zirconium in the Nuclear Industry_2nd Volume_042_chunk1,fuel pins,,,,,
Zircaloy-2,{},,"{'temp_C': 240, 'medium': 'heavy water', 'pressure_MPa': 3.2, 'strain_rate_s-1': None, 'dpa': None, 'fluence': '1e12 n/cm²·s', 'time_h': None, 'atmosphere': '0.04 ppm O₂, 0.01 ppm D₂'}",e307133cfcdb,high,irradiation_creep,"B. Reactor core in a fuel assembly, unfuelled tubes, 240 ± 2°C, 0.04 ppm Oxygen, 0.01 ppm Deuterium, ~10¹² n/cm²·s fast flux",description,,Table 1,,test_conditions,,STP551-EB-Zirconium in the Nuclear Industry_2nd Volume_042_chunk1,unfuelled tubes,,,,,
Zircaloy-2,{},,"{'temp_C': 240, 'medium': 'heavy water', 'pressure_MPa': 3.2, 'strain_rate_s-1': None, 'dpa': None, 'fluence': '1e12 n/cm²·s', 'time_h': None, 'atmosphere': '0.04 ppm O₂, 0.01 ppm D₂'}",e307133cfcdb,,density,not_mentioned_in_text,not_available,auto_filled_domain_placeholder,Table 1,,,,STP551-EB-Zirconium in the Nuclear Industry_2nd Volume_042_chunk1,unfuelled tubes,,,,,
Zircaloy-2,{},,"{'temp_C': 240, 'medium': 'heavy water', 'pressure_MPa': 3.2, 'strain_rate_s-1': None, 'dpa': None, 'fluence': '1e12 n/cm²·s', 'time_h': None, 'atmosphere': '0.04 ppm O₂, 0.01 ppm D₂'}",e307133cfcdb,,specific_heat,not_mentioned_in_text,not_available,auto_filled_domain_placeholder,Table 1,,,,STP551-EB-Zirconium in the Nuclear Industry_2nd Volume_042_chunk1,unfuelled tubes,,,,,
Zircaloy-2,{},,"{'temp_C': 240, 'medium': 'heavy water', 'pressure_MPa': 3.2, 'strain_rate_s-1': None, 'dpa': None, 'fluence': '1e12 n/cm²·s', 'time_h': None, 'atmosphere': '0.04 ppm O₂, 0.01 ppm D₂'}",e307133cfcdb,,thermal_conductivity,not_mentioned_in_text,not_available,auto_filled_domain_placeholder,Table 1,,,,STP551-EB-Zirconium in the Nuclear Industry_2nd Volume_042_chunk1,unfuelled tubes,,,,,
Zircaloy-2,{},,"{'temp_C': 240, 'medium': 'heavy water', 'pressure_MPa': 3.2, 'strain_rate_s-1': None, 'dpa': None, 'fluence': '1e12 n/cm²·s', 'time_h': None, 'atmosphere': '0.04 ppm O₂, 0.01 ppm D₂'}",e307133cfcdb,,elastoplastic_model,not_mentioned_in_text,not_available,auto_filled_domain_placeholder,Table 1,,,,STP551-EB-Zirconium in the Nuclear Industry_2nd Volume_042_chunk1,unfuelled tubes,,,,,
Zircaloy-2,{},,"{'temp_C': 240, 'medium': 'heavy water', 'pressure_MPa': 3.2, 'strain_rate_s-1': None, 'dpa': None, 'fluence': '1e12 n/cm²·s', 'time_h': None, 'atmosphere': '0.04 ppm O₂, 0.01 ppm D₂'}",e307133cfcdb,,thermal_expansion,not_mentioned_in_text,not_available,auto_filled_domain_placeholder,Table 1,,,,STP551-EB-Zirconium in the Nuclear Industry_2nd Volume_042_chunk1,unfuelled tubes,,,,,
Zircaloy-2,{},,"{'temp_C': 240, 'medium': 'heavy water', 'pressure_MPa': 3.2, 'strain_rate_s-1': None, 'dpa': None, 'fluence': '1e12 n/cm²·s', 'time_h': None, 'atmosphere': '0.04 ppm O₂, 0.01 ppm D₂'}",e307133cfcdb,,irradiation_swelling,not_mentioned_in_text,not_available,auto_filled_domain_placeholder,Table 1,,,,STP551-EB-Zirconium in the Nuclear Industry_2nd Volume_042_chunk1,unfuelled tubes,,,,,
Zircaloy-2,{},,"{'temp_C': 240, 'medium': 'heavy water', 'pressure_MPa': 3.2, 'strain_rate_s-1': None, 'dpa': None, 'fluence': '1e12 n/cm²·s', 'time_h': None, 'atmosphere': '0.04 ppm O₂, 0.01 ppm D₂'}",e307133cfcdb,,corrosion,not_mentioned_in_text,not_available,auto_filled_domain_placeholder,Table 1,,,,STP551-EB-Zirconium in the Nuclear Industry_2nd Volume_042_chunk1,unfuelled tubes,,,,,
Zircaloy-2,{},,"{'temp_C': 240, 'medium': 'heavy water', 'pressure_MPa': 3.2, 'strain_rate_s-1': None, 'dpa': None, 'fluence': '1e12 n/cm²·s', 'time_h': None, 'atmosphere': '0.04 ppm O₂, 0.01 ppm D₂'}",e307133cfcdb,,hardening,not_mentioned_in_text,not_available,auto_filled_domain_placeholder,Table 1,,,,STP551-EB-Zirconium in the Nuclear Industry_2nd Volume_042_chunk1,unfuelled tubes,,,,,
Zircaloy-2,{},,"{'temp_C': 240, 'medium': 'heavy water', 'pressure_MPa': 3.2, 'strain_rate_s-1': None, 'dpa': None, 'fluence': '2e9 to 2e10 n/cm²·s', 'time_h': None, 'atmosphere': '0.03 ppm O₂, 0.01 ppm D₂'}",a3594c7e0209,high,irradiation_creep,"C. Water phase near to tank wall, unfuelled coupons, 240 ±2°C, 0.03 ppm Oxygen, 0.01 ppm Deuterium, 2×10⁹-2×10¹⁰ n/cm²·s fast flux",description,,Table 1,,test_conditions,,STP551-EB-Zirconium in the Nuclear Industry_2nd Volume_042_chunk1,unfuelled coupons,,,,,
Zircaloy-2,{},,"{'temp_C': 240, 'medium': 'heavy water', 'pressure_MPa': 3.2, 'strain_rate_s-1': None, 'dpa': None, 'fluence': '2e9 to 2e10 n/cm²·s', 'time_h': None, 'atmosphere': '0.03 ppm O₂, 0.01 ppm D₂'}",a3594c7e0209,,density,not_mentioned_in_text,not_available,auto_filled_domain_placeholder,Table 1,,,,STP551-EB-Zirconium in the Nuclear Industry_2nd Volume_042_chunk1,unfuelled coupons,,,,,
Zircaloy-2,{},,"{'temp_C': 240, 'medium': 'heavy water', 'pressure_MPa': 3.2, 'strain_rate_s-1': None, 'dpa': None, 'fluence': '2e9 to 2e10 n/cm²·s', 'time_h': None, 'atmosphere': '0.03 ppm O₂, 0.01 ppm D₂'}",a3594c7e0209,,specific_heat,not_mentioned_in_text,not_available,auto_filled_domain_placeholder,Table 1,,,,STP551-EB-Zirconium in the Nuclear Industry_2nd Volume_042_chunk1,unfuelled coupons,,,,,
Zircaloy-2,{},,"{'temp_C': 240, 'medium': 'heavy water', 'pressure_MPa': 3.2, 'strain_rate_s-1': None, 'dpa': None, 'fluence': '2e9 to 2e10 n/cm²·s', 'time_h': None, 'atmosphere': '0.03 ppm O₂, 0.01 ppm D₂'}",a3594c7e0209,,thermal_conductivity,not_mentioned_in_text,not_available,auto_filled_domain_placeholder,Table 1,,,,STP551-EB-Zirconium in the Nuclear Industry_2nd Volume_042_chunk1,unfuelled coupons,,,,,
Zircaloy-2,{},,"{'temp_C': 240, 'medium': 'heavy water', 'pressure_MPa': 3.2, 'strain_rate_s-1': None, 'dpa': None, 'fluence': '2e9 to 2e10 n/cm²·s', 'time_h': None, 'atmosphere': '0.03 ppm O₂, 0.01 ppm D₂'}",a3594c7e0209,,elastoplastic_model,not_mentioned_in_text,not_available,auto_filled_domain_placeholder,Table 1,,,,STP551-EB-Zirconium in the Nuclear Industry_2nd Volume_042_chunk1,unfuelled coupons,,,,,
Zircaloy-2,{},,"{'temp_C': 240, 'medium': 'heavy water', 'pressure_MPa': 3.2, 'strain_rate_s-1': None, 'dpa': None, 'fluence': '2e9 to 2e10 n/cm²·s', 'time_h': None, 'atmosphere': '0.03 ppm O₂, 0.01 ppm D₂'}",a3594c7e0209,,thermal_expansion,not_mentioned_in_text,not_available,auto_filled_domain_placeholder,Table 1,,,,STP551-EB-Zirconium in the Nuclear Industry_2nd Volume_042_chunk1,unfuelled coupons,,,,,
Zircaloy-2,{},,"{'temp_C': 240, 'medium': 'heavy water', 'pressure_MPa': 3.2, 'strain_rate_s-1': None, 'dpa': None, 'fluence': '2e9 to 2e10 n/cm²·s', 'time_h': None, 'atmosphere': '0.03 ppm O₂, 0.01 ppm D₂'}",a3594c7e0209,,irradiation_swelling,not_mentioned_in_text,not_available,auto_filled_domain_placeholder,Table 1,,,,STP551-EB-Zirconium in the Nuclear Industry_2nd Volume_042_chunk1,unfuelled coupons,,,,,
Zircaloy-2,{},,"{'temp_C': 240, 'medium': 'heavy water', 'pressure_MPa': 3.2, 'strain_rate_s-1': None, 'dpa': None, 'fluence': '2e9 to 2e10 n/cm²·s', 'time_h': None, 'atmosphere': '0.03 ppm O₂, 0.01 ppm D₂'}",a3594c7e0209,,corrosion,not_mentioned_in_text,not_available,auto_filled_domain_placeholder,Table 1,,,,STP551-EB-Zirconium in the Nuclear Industry_2nd Volume_042_chunk1,unfuelled coupons,,,,,
Zircaloy-2,{},,"{'temp_C': 240, 'medium': 'heavy water', 'pressure_MPa': 3.2, 'strain_rate_s-1': None, 'dpa': None, 'fluence': '2e9 to 2e10 n/cm²·s', 'time_h': None, 'atmosphere': '0.03 ppm O₂, 0.01 ppm D₂'}",a3594c7e0209,,hardening,not_mentioned_in_text,not_available,auto_filled_domain_placeholder,Table 1,,,,STP551-EB-Zirconium in the Nuclear Industry_2nd Volume_042_chunk1,unfuelled coupons,,,,,
,{},,"{'temp_C': 280, 'medium': None, 'pressure_MPa': None, 'strain_rate_s-1': None, 'dpa': None, 'fluence': 100000000000.0, 'time_h': None, 'atmosphere': None}",7e0eee71d36d,high,corrosion,"According to Burns, a flux level of $1 0 ^ { 1 1 } \mathrm { n } / \mathrm { c m } ^ { 2 } { \cdot } \mathrm { s }$ was required to give any significant effect at $2 8 0 ^ { \circ } C \ ( 5 3 6 ^ { \circ } \mathrm { F } )",judgement,,text,,corrosion rate,,STP551-EB-Zirconium in the Nuclear Industry_2nd Volume_042_chunk3,,corrosion,,,,
,{},,"{'temp_C': 280, 'medium': None, 'pressure_MPa': None, 'strain_rate_s-1': None, 'dpa': None, 'fluence': 100000000000.0, 'time_h': None, 'atmosphere': None}",7e0eee71d36d,,density,not_mentioned_in_text,not_available,auto_filled_domain_placeholder,text,,,,STP551-EB-Zirconium in the Nuclear Industry_2nd Volume_042_chunk3,,,,,,
,{},,"{'temp_C': 280, 'medium': None, 'pressure_MPa': None, 'strain_rate_s-1': None, 'dpa': None, 'fluence': 100000000000.0, 'time_h': None, 'atmosphere': None}",7e0eee71d36d,,specific_heat,not_mentioned_in_text,not_available,auto_filled_domain_placeholder,text,,,,STP551-EB-Zirconium in the Nuclear Industry_2nd Volume_042_chunk3,,,,,,
,{},,"{'temp_C': 280, 'medium': None, 'pressure_MPa': None, 'strain_rate_s-1': None, 'dpa': None, 'fluence': 100000000000.0, 'time_h': None, 'atmosphere': None}",7e0eee71d36d,,thermal_conductivity,not_mentioned_in_text,not_available,auto_filled_domain_placeholder,text,,,,STP551-EB-Zirconium in the Nuclear Industry_2nd Volume_042_chunk3,,,,,,
,{},,"{'temp_C': 280, 'medium': None, 'pressure_MPa': None, 'strain_rate_s-1': None, 'dpa': None, 'fluence': 100000000000.0, 'time_h': None, 'atmosphere': None}",7e0eee71d36d,,elastoplastic_model,not_mentioned_in_text,not_available,auto_filled_domain_placeholder,text,,,,STP551-EB-Zirconium in the Nuclear Industry_2nd Volume_042_chunk3,,,,,,
,{},,"{'temp_C': 280, 'medium': None, 'pressure_MPa': None, 'strain_rate_s-1': None, 'dpa': None, 'fluence': 100000000000.0, 'time_h': None, 'atmosphere': None}",7e0eee71d36d,,thermal_expansion,not_mentioned_in_text,not_available,auto_filled_domain_placeholder,text,,,,STP551-EB-Zirconium in the Nuclear Industry_2nd Volume_042_chunk3,,,,,,
,{},,"{'temp_C': 280, 'medium': None, 'pressure_MPa': None, 'strain_rate_s-1': None, 'dpa': None, 'fluence': 100000000000.0, 'time_h': None, 'atmosphere': None}",7e0eee71d36d,,irradiation_creep,not_mentioned_in_text,not_available,auto_filled_domain_placeholder,text,,,,STP551-EB-Zirconium in the Nuclear Industry_2nd Volume_042_chunk3,,,,,,
,{},,"{'temp_C': 280, 'medium': None, 'pressure_MPa': None, 'strain_rate_s-1': None, 'dpa': None, 'fluence': 100000000000.0, 'time_h': None, 'atmosphere': None}",7e0eee71d36d,,irradiation_swelling,not_mentioned_in_text,not_available,auto_filled_domain_placeholder,text,,,,STP551-EB-Zirconium in the Nuclear Industry_2nd Volume_042_chunk3,,,,,,
,{},,"{'temp_C': 280, 'medium': None, 'pressure_MPa': None, 'strain_rate_s-1': None, 'dpa': None, 'fluence': 100000000000.0, 'time_h': None, 'atmosphere': None}",7e0eee71d36d,,hardening,not_mentioned_in_text,not_available,auto_filled_domain_placeholder,text,,,,STP551-EB-Zirconium in the Nuclear Industry_2nd Volume_042_chunk3,,,,,,
,{},,"{'temp_C': None, 'medium': None, 'pressure_MPa': None, 'strain_rate_s-1': None, 'dpa': None, 'fluence': 2000000000.0, 'time_h': None, 'atmosphere': None}",24002dd4e68a,high,corrosion,"our results are still surprising considering the large effect of the much lower flux, $2 \times 1 0 ^ { 9 } \mathrm { n / c m } ^ { 2 } { \cdot } \mathrm { s }$",judgement,,text,,corrosion rate,,STP551-EB-Zirconium in the Nuclear Industry_2nd Volume_042_chunk3,,corrosion,,,,
,{},,"{'temp_C': None, 'medium': None, 'pressure_MPa': None, 'strain_rate_s-1': None, 'dpa': None, 'fluence': 2000000000.0, 'time_h': None, 'atmosphere': None}",24002dd4e68a,,density,not_mentioned_in_text,not_available,auto_filled_domain_placeholder,text,,,,STP551-EB-Zirconium in the Nuclear Industry_2nd Volume_042_chunk3,,,,,,
,{},,"{'temp_C': None, 'medium': None, 'pressure_MPa': None, 'strain_rate_s-1': None, 'dpa': None, 'fluence': 2000000000.0, 'time_h': None, 'atmosphere': None}",24002dd4e68a,,specific_heat,not_mentioned_in_text,not_available,auto_filled_domain_placeholder,text,,,,STP551-EB-Zirconium in the Nuclear Industry_2nd Volume_042_chunk3,,,,,,
,{},,"{'temp_C': None, 'medium': None, 'pressure_MPa': None, 'strain_rate_s-1': None, 'dpa': None, 'fluence': 2000000000.0, 'time_h': None, 'atmosphere': None}",24002dd4e68a,,thermal_conductivity,not_mentioned_in_text,not_available,auto_filled_domain_placeholder,text,,,,STP551-EB-Zirconium in the Nuclear Industry_2nd Volume_042_chunk3,,,,,,
,{},,"{'temp_C': None, 'medium': None, 'pressure_MPa': None, 'strain_rate_s-1': None, 'dpa': None, 'fluence': 2000000000.0, 'time_h': None, 'atmosphere': None}",24002dd4e68a,,elastoplastic_model,not_mentioned_in_text,not_available,auto_filled_domain_placeholder,text,,,,STP551-EB-Zirconium in the Nuclear Industry_2nd Volume_042_chunk3,,,,,,
,{},,"{'temp_C': None, 'medium': None, 'pressure_MPa': None, 'strain_rate_s-1': None, 'dpa': None, 'fluence': 2000000000.0, 'time_h': None, 'atmosphere': None}",24002dd4e68a,,thermal_expansion,not_mentioned_in_text,not_available,auto_filled_domain_placeholder,text,,,,STP551-EB-Zirconium in the Nuclear Industry_2nd Volume_042_chunk3,,,,,,
,{},,"{'temp_C': None, 'medium': None, 'pressure_MPa': None, 'strain_rate_s-1': None, 'dpa': None, 'fluence': 2000000000.0, 'time_h': None, 'atmosphere': None}",24002dd4e68a,,irradiation_creep,not_mentioned_in_text,not_available,auto_filled_domain_placeholder,text,,,,STP551-EB-Zirconium in the Nuclear Industry_2nd Volume_042_chunk3,,,,,,
,{},,"{'temp_C': None, 'medium': None, 'pressure_MPa': None, 'strain_rate_s-1': None, 'dpa': None, 'fluence': 2000000000.0, 'time_h': None, 'atmosphere': None}",24002dd4e68a,,irradiation_swelling,not_mentioned_in_text,not_available,auto_filled_domain_placeholder,text,,,,STP551-EB-Zirconium in the Nuclear Industry_2nd Volume_042_chunk3,,,,,,
,{},,"{'temp_C': None, 'medium': None, 'pressure_MPa': None, 'strain_rate_s-1': None, 'dpa': None, 'fluence': 2000000000.0, 'time_h': None, 'atmosphere': None}",24002dd4e68a,,hardening,not_mentioned_in_text,not_available,auto_filled_domain_placeholder,text,,,,STP551-EB-Zirconium in the Nuclear Industry_2nd Volume_042_chunk3,,,,,,
,{},,"{'temp_C': 240, 'medium': 'oxygenated water', 'pressure_MPa': None, 'strain_rate_s-1': None, 'dpa': None, 'fluence': None, 'time_h': None, 'atmosphere': None}",1b196730e78c,medium,corrosion,"Shepherd has made a tentative calculation of the in-reactor corrosion rate under oxygenated conditions as a function of the temperature, and predicts a rate at $2 4 0 ^ { \circ } \mathrm { C }$ EY $( 4 6 4 ^ { \circ } \mathsf { F } )$ which fits exactly with our observations",judgement,,text,,corrosion rate,,STP551-EB-Zirconium in the Nuclear Industry_2nd Volume_042_chunk3,,corrosion,,,,
,{},,"{'temp_C': 240, 'medium': 'oxygenated water', 'pressure_MPa': None, 'strain_rate_s-1': None, 'dpa': None, 'fluence': None, 'time_h': None, 'atmosphere': None}",1b196730e78c,,density,not_mentioned_in_text,not_available,auto_filled_domain_placeholder,text,,,,STP551-EB-Zirconium in the Nuclear Industry_2nd Volume_042_chunk3,,,,,,
,{},,"{'temp_C': 240, 'medium': 'oxygenated water', 'pressure_MPa': None, 'strain_rate_s-1': None, 'dpa': None, 'fluence': None, 'time_h': None, 'atmosphere': None}",1b196730e78c,,specific_heat,not_mentioned_in_text,not_available,auto_filled_domain_placeholder,text,,,,STP551-EB-Zirconium in the Nuclear Industry_2nd Volume_042_chunk3,,,,,,
,{},,"{'temp_C': 240, 'medium': 'oxygenated water', 'pressure_MPa': None, 'strain_rate_s-1': None, 'dpa': None, 'fluence': None, 'time_h': None, 'atmosphere': None}",1b196730e78c,,thermal_conductivity,not_mentioned_in_text,not_available,auto_filled_domain_placeholder,text,,,,STP551-EB-Zirconium in the Nuclear Industry_2nd Volume_042_chunk3,,,,,,
,{},,"{'temp_C': 240, 'medium': 'oxygenated water', 'pressure_MPa': None, 'strain_rate_s-1': None, 'dpa': None, 'fluence': None, 'time_h': None, 'atmosphere': None}",1b196730e78c,,elastoplastic_model,not_mentioned_in_text,not_available,auto_filled_domain_placeholder,text,,,,STP551-EB-Zirconium in the Nuclear Industry_2nd Volume_042_chunk3,,,,,,
,{},,"{'temp_C': 240, 'medium': 'oxygenated water', 'pressure_MPa': None, 'strain_rate_s-1': None, 'dpa': None, 'fluence': None, 'time_h': None, 'atmosphere': None}",1b196730e78c,,thermal_expansion,not_mentioned_in_text,not_available,auto_filled_domain_placeholder,text,,,,STP551-EB-Zirconium in the Nuclear Industry_2nd Volume_042_chunk3,,,,,,
,{},,"{'temp_C': 240, 'medium': 'oxygenated water', 'pressure_MPa': None, 'strain_rate_s-1': None, 'dpa': None, 'fluence': None, 'time_h': None, 'atmosphere': None}",1b196730e78c,,irradiation_creep,not_mentioned_in_text,not_available,auto_filled_domain_placeholder,text,,,,STP551-EB-Zirconium in the Nuclear Industry_2nd Volume_042_chunk3,,,,,,
,{},,"{'temp_C': 240, 'medium': 'oxygenated water', 'pressure_MPa': None, 'strain_rate_s-1': None, 'dpa': None, 'fluence': None, 'time_h': None, 'atmosphere': None}",1b196730e78c,,irradiation_swelling,not_mentioned_in_text,not_available,auto_filled_domain_placeholder,text,,,,STP551-EB-Zirconium in the Nuclear Industry_2nd Volume_042_chunk3,,,,,,
,{},,"{'temp_C': 240, 'medium': 'oxygenated water', 'pressure_MPa': None, 'strain_rate_s-1': None, 'dpa': None, 'fluence': None, 'time_h': None, 'atmosphere': None}",1b196730e78c,,hardening,not_mentioned_in_text,not_available,auto_filled_domain_placeholder,text,,,,STP551-EB-Zirconium in the Nuclear Industry_2nd Volume_042_chunk3,,,,,,
,{},,"{'temp_C': None, 'medium': None, 'pressure_MPa': None, 'strain_rate_s-1': None, 'dpa': None, 'fluence': 30000000000000.0, 'time_h': None, 'atmosphere': None}",06e23b041203,medium,corrosion,His data are normalized to a standard fast flux of $3 \times 1 0 ^ { 1 3 } \mathrm { n / c m ^ { 2 } { \cdot } s },normalization,,text,,corrosion rate,,STP551-EB-Zirconium in the Nuclear Industry_2nd Volume_042_chunk3,,corrosion,,,,
,{},,"{'temp_C': None, 'medium': None, 'pressure_MPa': None, 'strain_rate_s-1': None, 'dpa': None, 'fluence': 30000000000000.0, 'time_h': None, 'atmosphere': None}",06e23b041203,,density,not_mentioned_in_text,not_available,auto_filled_domain_placeholder,text,,,,STP551-EB-Zirconium in the Nuclear Industry_2nd Volume_042_chunk3,,,,,,
,{},,"{'temp_C': None, 'medium': None, 'pressure_MPa': None, 'strain_rate_s-1': None, 'dpa': None, 'fluence': 30000000000000.0, 'time_h': None, 'atmosphere': None}",06e23b041203,,specific_heat,not_mentioned_in_text,not_available,auto_filled_domain_placeholder,text,,,,STP551-EB-Zirconium in the Nuclear Industry_2nd Volume_042_chunk3,,,,,,
,{},,"{'temp_C': None, 'medium': None, 'pressure_MPa': None, 'strain_rate_s-1': None, 'dpa': None, 'fluence': 30000000000000.0, 'time_h': None, 'atmosphere': None}",06e23b041203,,thermal_conductivity,not_mentioned_in_text,not_available,auto_filled_domain_placeholder,text,,,,STP551-EB-Zirconium in the Nuclear Industry_2nd Volume_042_chunk3,,,,,,
,{},,"{'temp_C': None, 'medium': None, 'pressure_MPa': None, 'strain_rate_s-1': None, 'dpa': None, 'fluence': 30000000000000.0, 'time_h': None, 'atmosphere': None}",06e23b041203,,elastoplastic_model,not_mentioned_in_text,not_available,auto_filled_domain_placeholder,text,,,,STP551-EB-Zirconium in the Nuclear Industry_2nd Volume_042_chunk3,,,,,,
,{},,"{'temp_C': None, 'medium': None, 'pressure_MPa': None, 'strain_rate_s-1': None, 'dpa': None, 'fluence': 30000000000000.0, 'time_h': None, 'atmosphere': None}",06e23b041203,,thermal_expansion,not_mentioned_in_text,not_available,auto_filled_domain_placeholder,text,,,,STP551-EB-Zirconium in the Nuclear Industry_2nd Volume_042_chunk3,,,,,,
,{},,"{'temp_C': None, 'medium': None, 'pressure_MPa': None, 'strain_rate_s-1': None, 'dpa': None, 'fluence': 30000000000000.0, 'time_h': None, 'atmosphere': None}",06e23b041203,,irradiation_creep,not_mentioned_in_text,not_available,auto_filled_domain_placeholder,text,,,,STP551-EB-Zirconium in the Nuclear Industry_2nd Volume_042_chunk3,,,,,,
,{},,"{'temp_C': None, 'medium': None, 'pressure_MPa': None, 'strain_rate_s-1': None, 'dpa': None, 'fluence': 30000000000000.0, 'time_h': None, 'atmosphere': None}",06e23b041203,,irradiation_swelling,not_mentioned_in_text,not_available,auto_filled_domain_placeholder,text,,,,STP551-EB-Zirconium in the Nuclear Industry_2nd Volume_042_chunk3,,,,,,
,{},,"{'temp_C': None, 'medium': None, 'pressure_MPa': None, 'strain_rate_s-1': None, 'dpa': None, 'fluence': 30000000000000.0, 'time_h': None, 'atmosphere': None}",06e23b041203,,hardening,not_mentioned_in_text,not_available,auto_filled_domain_placeholder,text,,,,STP551-EB-Zirconium in the Nuclear Industry_2nd Volume_042_chunk3,,,,,,
,{},,"{'temp_C': 240, 'medium': None, 'pressure_MPa': None, 'strain_rate_s-1': None, 'dpa': None, 'fluence': 2000000000.0, 'time_h': None, 'atmosphere': None}",344f45772b91,medium,corrosion,the data indicate that saturation has occurred already at a flux level of $2 \times 1 0 ^ { 9 } \mathrm { { n } / \mathrm { { \ell } } }$ $\mathsf { c m } ^ { 2 } { \cdot } \mathsf { s }$ at ${ 2 4 0 ^ { \circ } C }$,judgement,,text,,corrosion rate,,STP551-EB-Zirconium in the Nuclear Industry_2nd Volume_042_chunk3,,corrosion,,,,
,{},,"{'temp_C': 240, 'medium': None, 'pressure_MPa': None, 'strain_rate_s-1': None, 'dpa': None, 'fluence': 2000000000.0, 'time_h': None, 'atmosphere': None}",344f45772b91,,density,not_mentioned_in_text,not_available,auto_filled_domain_placeholder,text,,,,STP551-EB-Zirconium in the Nuclear Industry_2nd Volume_042_chunk3,,,,,,
,{},,"{'temp_C': 240, 'medium': None, 'pressure_MPa': None, 'strain_rate_s-1': None, 'dpa': None, 'fluence': 2000000000.0, 'time_h': None, 'atmosphere': None}",344f45772b91,,specific_heat,not_mentioned_in_text,not_available,auto_filled_domain_placeholder,text,,,,STP551-EB-Zirconium in the Nuclear Industry_2nd Volume_042_chunk3,,,,,,
,{},,"{'temp_C': 240, 'medium': None, 'pressure_MPa': None, 'strain_rate_s-1': None, 'dpa': None, 'fluence': 2000000000.0, 'time_h': None, 'atmosphere': None}",344f45772b91,,thermal_conductivity,not_mentioned_in_text,not_available,auto_filled_domain_placeholder,text,,,,STP551-EB-Zirconium in the Nuclear Industry_2nd Volume_042_chunk3,,,,,,
,{},,"{'temp_C': 240, 'medium': None, 'pressure_MPa': None, 'strain_rate_s-1': None, 'dpa': None, 'fluence': 2000000000.0, 'time_h': None, 'atmosphere': None}",344f45772b91,,elastoplastic_model,not_mentioned_in_text,not_available,auto_filled_domain_placeholder,text,,,,STP551-EB-Zirconium in the Nuclear Industry_2nd Volume_042_chunk3,,,,,,
,{},,"{'temp_C': 240, 'medium': None, 'pressure_MPa': None, 'strain_rate_s-1': None, 'dpa': None, 'fluence': 2000000000.0, 'time_h': None, 'atmosphere': None}",344f45772b91,,thermal_expansion,not_mentioned_in_text,not_available,auto_filled_domain_placeholder,text,,,,STP551-EB-Zirconium in the Nuclear Industry_2nd Volume_042_chunk3,,,,,,
,{},,"{'temp_C': 240, 'medium': None, 'pressure_MPa': None, 'strain_rate_s-1': None, 'dpa': None, 'fluence': 2000000000.0, 'time_h': None, 'atmosphere': None}",344f45772b91,,irradiation_creep,not_mentioned_in_text,not_available,auto_filled_domain_placeholder,text,,,,STP551-EB-Zirconium in the Nuclear Industry_2nd Volume_042_chunk3,,,,,,
,{},,"{'temp_C': 240, 'medium': None, 'pressure_MPa': None, 'strain_rate_s-1': None, 'dpa': None, 'fluence': 2000000000.0, 'time_h': None, 'atmosphere': None}",344f45772b91,,irradiation_swelling,not_mentioned_in_text,not_available,auto_filled_domain_placeholder,text,,,,STP551-EB-Zirconium in the Nuclear Industry_2nd Volume_042_chunk3,,,,,,
,{},,"{'temp_C': 240, 'medium': None, 'pressure_MPa': None, 'strain_rate_s-1': None, 'dpa': None, 'fluence': 2000000000.0, 'time_h': None, 'atmosphere': None}",344f45772b91,,hardening,not_mentioned_in_text,not_available,auto_filled_domain_placeholder,text,,,,STP551-EB-Zirconium in the Nuclear Industry_2nd Volume_042_chunk3,,,,,,
,{},,"{'temp_C': None, 'medium': None, 'pressure_MPa': None, 'strain_rate_s-1': None, 'dpa': None, 'fluence': None, 'time_h': None, 'atmosphere': None}",fca52774e62a,high,corrosion,"The axial flux variation in the fuel channel was observed to influence the corrosion rate both for fuel rods and specimens, the difference being small $( \sim 1 0$ percent) but significant",variation,,text,,corrosion rate,percent,STP551-EB-Zirconium in the Nuclear Industry_2nd Volume_042_chunk3,,corrosion,percent,10,,
,{},,"{'temp_C': None, 'medium': None, 'pressure_MPa': None, 'strain_rate_s-1': None, 'dpa': None, 'fluence': None, 'time_h': None, 'atmosphere': None}",fca52774e62a,high,irradiation_creep,The ratio between maximum and minimum flux in the channel is about 1.5,measurement,,text,,flux ratio,,STP551-EB-Zirconium in the Nuclear Industry_2nd Volume_042_chunk3,,,,1.5,,
,{},,"{'temp_C': None, 'medium': None, 'pressure_MPa': None, 'strain_rate_s-1': None, 'dpa': None, 'fluence': None, 'time_h': None, 'atmosphere': None}",fca52774e62a,high,irradiation_creep,"Neutrons > 1 MeV, Ratio: 2500",measurement,,Table 3,,flux ratio,,STP551-EB-Zirconium in the Nuclear Industry_2nd Volume_042_chunk3,,,,2500,,
,{},,"{'temp_C': None, 'medium': None, 'pressure_MPa': None, 'strain_rate_s-1': None, 'dpa': None, 'fluence': None, 'time_h': None, 'atmosphere': None}",fca52774e62a,high,irradiation_creep,"Neutrons 0.85 MeV-5.5 KeV, Ratio: 50",measurement,,Table 3,,flux ratio,,STP551-EB-Zirconium in the Nuclear Industry_2nd Volume_042_chunk3,,,,50,,
,{},,"{'temp_C': None, 'medium': None, 'pressure_MPa': None, 'strain_rate_s-1': None, 'dpa': None, 'fluence': None, 'time_h': None, 'atmosphere': None}",fca52774e62a,high,irradiation_creep,"γ-rays, Ratio: 10",measurement,,Table 3,,flux ratio,,STP551-EB-Zirconium in the Nuclear Industry_2nd Volume_042_chunk3,,,,10,,
,{},,"{'temp_C': None, 'medium': None, 'pressure_MPa': None, 'strain_rate_s-1': None, 'dpa': None, 'fluence': None, 'time_h': None, 'atmosphere': None}",fca52774e62a,,density,not_mentioned_in_text,not_available,auto_filled_domain_placeholder,text,,,,STP551-EB-Zirconium in the Nuclear Industry_2nd Volume_042_chunk3,,,,,,
,{},,"{'temp_C': None, 'medium': None, 'pressure_MPa': None, 'strain_rate_s-1': None, 'dpa': None, 'fluence': None, 'time_h': None, 'atmosphere': None}",fca52774e62a,,specific_heat,not_mentioned_in_text,not_available,auto_filled_domain_placeholder,text,,,,STP551-EB-Zirconium in the Nuclear Industry_2nd Volume_042_chunk3,,,,,,
,{},,"{'temp_C': None, 'medium': None, 'pressure_MPa': None, 'strain_rate_s-1': None, 'dpa': None, 'fluence': None, 'time_h': None, 'atmosphere': None}",fca52774e62a,,thermal_conductivity,not_mentioned_in_text,not_available,auto_filled_domain_placeholder,text,,,,STP551-EB-Zirconium in the Nuclear Industry_2nd Volume_042_chunk3,,,,,,
,{},,"{'temp_C': None, 'medium': None, 'pressure_MPa': None, 'strain_rate_s-1': None, 'dpa': None, 'fluence': None, 'time_h': None, 'atmosphere': None}",fca52774e62a,,elastoplastic_model,not_mentioned_in_text,not_available,auto_filled_domain_placeholder,text,,,,STP551-EB-Zirconium in the Nuclear Industry_2nd Volume_042_chunk3,,,,,,
,{},,"{'temp_C': None, 'medium': None, 'pressure_MPa': None, 'strain_rate_s-1': None, 'dpa': None, 'fluence': None, 'time_h': None, 'atmosphere': None}",fca52774e62a,,thermal_expansion,not_mentioned_in_text,not_available,auto_filled_domain_placeholder,text,,,,STP551-EB-Zirconium in the Nuclear Industry_2nd Volume_042_chunk3,,,,,,
,{},,"{'temp_C': None, 'medium': None, 'pressure_MPa': None, 'strain_rate_s-1': None, 'dpa': None, 'fluence': None, 'time_h': None, 'atmosphere': None}",fca52774e62a,,irradiation_swelling,not_mentioned_in_text,not_available,auto_filled_domain_placeholder,text,,,,STP551-EB-Zirconium in the Nuclear Industry_2nd Volume_042_chunk3,,,,,,
,{},,"{'temp_C': None, 'medium': None, 'pressure_MPa': None, 'strain_rate_s-1': None, 'dpa': None, 'fluence': None, 'time_h': None, 'atmosphere': None}",fca52774e62a,,hardening,not_mentioned_in_text,not_available,auto_filled_domain_placeholder,text,,,,STP551-EB-Zirconium in the Nuclear Industry_2nd Volume_042_chunk3,,,,,,
,{},,"{'temp_C': None, 'medium': 'steam', 'pressure_MPa': None, 'strain_rate_s-1': None, 'dpa': None, 'fluence': 6000000.0, 'time_h': None, 'atmosphere': None}",b6dd5b9f63a8,medium,corrosion,tests in steam with γ irradiation $( 6 \times 1 0 ^ { 6 } \mathrm { R / h } )$ EY did not result in any significant effect on the corrosion rate,judgement,,text,,corrosion rate,,STP551-EB-Zirconium in the Nuclear Industry_2nd Volume_042_chunk3,,corrosion,,,,
,{},,"{'temp_C': None, 'medium': 'steam', 'pressure_MPa': None, 'strain_rate_s-1': None, 'dpa': None, 'fluence': 6000000.0, 'time_h': None, 'atmosphere': None}",b6dd5b9f63a8,,density,not_mentioned_in_text,not_available,auto_filled_domain_placeholder,text,,,,STP551-EB-Zirconium in the Nuclear Industry_2nd Volume_042_chunk3,,,,,,
,{},,"{'temp_C': None, 'medium': 'steam', 'pressure_MPa': None, 'strain_rate_s-1': None, 'dpa': None, 'fluence': 6000000.0, 'time_h': None, 'atmosphere': None}",b6dd5b9f63a8,,specific_heat,not_mentioned_in_text,not_available,auto_filled_domain_placeholder,text,,,,STP551-EB-Zirconium in the Nuclear Industry_2nd Volume_042_chunk3,,,,,,
,{},,"{'temp_C': None, 'medium': 'steam', 'pressure_MPa': None, 'strain_rate_s-1': None, 'dpa': None, 'fluence': 6000000.0, 'time_h': None, 'atmosphere': None}",b6dd5b9f63a8,,thermal_conductivity,not_mentioned_in_text,not_available,auto_filled_domain_placeholder,text,,,,STP551-EB-Zirconium in the Nuclear Industry_2nd Volume_042_chunk3,,,,,,
,{},,"{'temp_C': None, 'medium': 'steam', 'pressure_MPa': None, 'strain_rate_s-1': None, 'dpa': None, 'fluence': 6000000.0, 'time_h': None, 'atmosphere': None}",b6dd5b9f63a8,,elastoplastic_model,not_mentioned_in_text,not_available,auto_filled_domain_placeholder,text,,,,STP551-EB-Zirconium in the Nuclear Industry_2nd Volume_042_chunk3,,,,,,
,{},,"{'temp_C': None, 'medium': 'steam', 'pressure_MPa': None, 'strain_rate_s-1': None, 'dpa': None, 'fluence': 6000000.0, 'time_h': None, 'atmosphere': None}",b6dd5b9f63a8,,thermal_expansion,not_mentioned_in_text,not_available,auto_filled_domain_placeholder,text,,,,STP551-EB-Zirconium in the Nuclear Industry_2nd Volume_042_chunk3,,,,,,
,{},,"{'temp_C': None, 'medium': 'steam', 'pressure_MPa': None, 'strain_rate_s-1': None, 'dpa': None, 'fluence': 6000000.0, 'time_h': None, 'atmosphere': None}",b6dd5b9f63a8,,irradiation_creep,not_mentioned_in_text,not_available,auto_filled_domain_placeholder,text,,,,STP551-EB-Zirconium in the Nuclear Industry_2nd Volume_042_chunk3,,,,,,
,{},,"{'temp_C': None, 'medium': 'steam', 'pressure_MPa': None, 'strain_rate_s-1': None, 'dpa': None, 'fluence': 6000000.0, 'time_h': None, 'atmosphere': None}",b6dd5b9f63a8,,irradiation_swelling,not_mentioned_in_text,not_available,auto_filled_domain_placeholder,text,,,,STP551-EB-Zirconium in the Nuclear Industry_2nd Volume_042_chunk3,,,,,,
,{},,"{'temp_C': None, 'medium': 'steam', 'pressure_MPa': None, 'strain_rate_s-1': None, 'dpa': None, 'fluence': 6000000.0, 'time_h': None, 'atmosphere': None}",b6dd5b9f63a8,,hardening,not_mentioned_in_text,not_available,auto_filled_domain_placeholder,text,,,,STP551-EB-Zirconium in the Nuclear Industry_2nd Volume_042_chunk3,,,,,,
,{},,"{'temp_C': None, 'medium': 'steam', 'pressure_MPa': None, 'strain_rate_s-1': None, 'dpa': None, 'fluence': None, 'time_h': None, 'atmosphere': None}",41578d5131bf,high,corrosion,"The irradiation field in the steam phase gave a much lower corrosion rate than that in the water at approximately the same flux, the rate being slightly higher than in water out-of-flux",comparison,,text,,corrosion rate,,STP551-EB-Zirconium in the Nuclear Industry_2nd Volume_042_chunk3,,corrosion,,,,
,{},,"{'temp_C': None, 'medium': 'steam', 'pressure_MPa': None, 'strain_rate_s-1': None, 'dpa': None, 'fluence': None, 'time_h': None, 'atmosphere': None}",41578d5131bf,,density,not_mentioned_in_text,not_available,auto_filled_domain_placeholder,text,,,,STP551-EB-Zirconium in the Nuclear Industry_2nd Volume_042_chunk3,,,,,,
,{},,"{'temp_C': None, 'medium': 'steam', 'pressure_MPa': None, 'strain_rate_s-1': None, 'dpa': None, 'fluence': None, 'time_h': None, 'atmosphere': None}",41578d5131bf,,specific_heat,not_mentioned_in_text,not_available,auto_filled_domain_placeholder,text,,,,STP551-EB-Zirconium in the Nuclear Industry_2nd Volume_042_chunk3,,,,,,
,{},,"{'temp_C': None, 'medium': 'steam', 'pressure_MPa': None, 'strain_rate_s-1': None, 'dpa': None, 'fluence': None, 'time_h': None, 'atmosphere': None}",41578d5131bf,,thermal_conductivity,not_mentioned_in_text,not_available,auto_filled_domain_placeholder,text,,,,STP551-EB-Zirconium in the Nuclear Industry_2nd Volume_042_chunk3,,,,,,
,{},,"{'temp_C': None, 'medium': 'steam', 'pressure_MPa': None, 'strain_rate_s-1': None, 'dpa': None, 'fluence': None, 'time_h': None, 'atmosphere': None}",41578d5131bf,,elastoplastic_model,not_mentioned_in_text,not_available,auto_filled_domain_placeholder,text,,,,STP551-EB-Zirconium in the Nuclear Industry_2nd Volume_042_chunk3,,,,,,
,{},,"{'temp_C': None, 'medium': 'steam', 'pressure_MPa': None, 'strain_rate_s-1': None, 'dpa': None, 'fluence': None, 'time_h': None, 'atmosphere': None}",41578d5131bf,,thermal_expansion,not_mentioned_in_text,not_available,auto_filled_domain_placeholder,text,,,,STP551-EB-Zirconium in the Nuclear Industry_2nd Volume_042_chunk3,,,,,,
,{},,"{'temp_C': None, 'medium': 'steam', 'pressure_MPa': None, 'strain_rate_s-1': None, 'dpa': None, 'fluence': None, 'time_h': None, 'atmosphere': None}",41578d5131bf,,irradiation_creep,not_mentioned_in_text,not_available,auto_filled_domain_placeholder,text,,,,STP551-EB-Zirconium in the Nuclear Industry_2nd Volume_042_chunk3,,,,,,
,{},,"{'temp_C': None, 'medium': 'steam', 'pressure_MPa': None, 'strain_rate_s-1': None, 'dpa': None, 'fluence': None, 'time_h': None, 'atmosphere': None}",41578d5131bf,,irradiation_swelling,not_mentioned_in_text,not_available,auto_filled_domain_placeholder,text,,,,STP551-EB-Zirconium in the Nuclear Industry_2nd Volume_042_chunk3,,,,,,
,{},,"{'temp_C': None, 'medium': 'steam', 'pressure_MPa': None, 'strain_rate_s-1': None, 'dpa': None, 'fluence': None, 'time_h': None, 'atmosphere': None}",41578d5131bf,,hardening,not_mentioned_in_text,not_available,auto_filled_domain_placeholder,text,,,,STP551-EB-Zirconium in the Nuclear Industry_2nd Volume_042_chunk3,,,,,,
,{},,"{'temp_C': None, 'medium': None, 'pressure_MPa': None, 'strain_rate_s-1': None, 'dpa': None, 'fluence': None, 'time_h': None, 'atmosphere': None}",fca52774e62a,medium,corrosion,The corrosion rate observed for the out-of-flux specimens agree well with other low-temperature data,judgement,,text,,corrosion rate,,STP551-EB-Zirconium in the Nuclear Industry_2nd Volume_042_chunk3,out-of-flux,corrosion,,,,
,{},,"{'temp_C': None, 'medium': None, 'pressure_MPa': None, 'strain_rate_s-1': None, 'dpa': None, 'fluence': None, 'time_h': None, 'atmosphere': None}",fca52774e62a,,density,not_mentioned_in_text,not_available,auto_filled_domain_placeholder,text,,,,STP551-EB-Zirconium in the Nuclear Industry_2nd Volume_042_chunk3,out-of-flux,,,,,
,{},,"{'temp_C': None, 'medium': None, 'pressure_MPa': None, 'strain_rate_s-1': None, 'dpa': None, 'fluence': None, 'time_h': None, 'atmosphere': None}",fca52774e62a,,specific_heat,not_mentioned_in_text,not_available,auto_filled_domain_placeholder,text,,,,STP551-EB-Zirconium in the Nuclear Industry_2nd Volume_042_chunk3,out-of-flux,,,,,
,{},,"{'temp_C': None, 'medium': None, 'pressure_MPa': None, 'strain_rate_s-1': None, 'dpa': None, 'fluence': None, 'time_h': None, 'atmosphere': None}",fca52774e62a,,thermal_conductivity,not_mentioned_in_text,not_available,auto_filled_domain_placeholder,text,,,,STP551-EB-Zirconium in the Nuclear Industry_2nd Volume_042_chunk3,out-of-flux,,,,,
,{},,"{'temp_C': None, 'medium': None, 'pressure_MPa': None, 'strain_rate_s-1': None, 'dpa': None, 'fluence': None, 'time_h': None, 'atmosphere': None}",fca52774e62a,,elastoplastic_model,not_mentioned_in_text,not_available,auto_filled_domain_placeholder,text,,,,STP551-EB-Zirconium in the Nuclear Industry_2nd Volume_042_chunk3,out-of-flux,,,,,
,{},,"{'temp_C': None, 'medium': None, 'pressure_MPa': None, 'strain_rate_s-1': None, 'dpa': None, 'fluence': None, 'time_h': None, 'atmosphere': None}",fca52774e62a,,thermal_expansion,not_mentioned_in_text,not_available,auto_filled_domain_placeholder,text,,,,STP551-EB-Zirconium in the Nuclear Industry_2nd Volume_042_chunk3,out-of-flux,,,,,
,{},,"{'temp_C': None, 'medium': None, 'pressure_MPa': None, 'strain_rate_s-1': None, 'dpa': None, 'fluence': None, 'time_h': None, 'atmosphere': None}",fca52774e62a,,irradiation_creep,not_mentioned_in_text,not_available,auto_filled_domain_placeholder,text,,,,STP551-EB-Zirconium in the Nuclear Industry_2nd Volume_042_chunk3,out-of-flux,,,,,
,{},,"{'temp_C': None, 'medium': None, 'pressure_MPa': None, 'strain_rate_s-1': None, 'dpa': None, 'fluence': None, 'time_h': None, 'atmosphere': None}",fca52774e62a,,irradiation_swelling,not_mentioned_in_text,not_available,auto_filled_domain_placeholder,text,,,,STP551-EB-Zirconium in the Nuclear Industry_2nd Volume_042_chunk3,out-of-flux,,,,,
,{},,"{'temp_C': None, 'medium': None, 'pressure_MPa': None, 'strain_rate_s-1': None, 'dpa': None, 'fluence': None, 'time_h': None, 'atmosphere': None}",fca52774e62a,,hardening,not_mentioned_in_text,not_available,auto_filled_domain_placeholder,text,,,,STP551-EB-Zirconium in the Nuclear Industry_2nd Volume_042_chunk3,out-of-flux,,,,,
,{},,"{'temp_C': None, 'medium': 'water', 'pressure_MPa': None, 'strain_rate_s-1': None, 'dpa': None, 'fluence': None, 'time_h': 690, 'atmosphere': None}",8eeb2909e898,high,corrosion,During the 690-day exposure a series of cracks developed in the oxide films of the autoclaved specimens,observation,,text,autoclaving,oxide film cracking,,STP551-EB-Zirconium in the Nuclear Industry_2nd Volume_042_chunk3,autoclaved,corrosion,,,,
,{},,"{'temp_C': None, 'medium': 'water', 'pressure_MPa': None, 'strain_rate_s-1': None, 'dpa': None, 'fluence': None, 'time_h': 690, 'atmosphere': None}",8eeb2909e898,,density,not_mentioned_in_text,not_available,auto_filled_domain_placeholder,text,autoclaving,,,STP551-EB-Zirconium in the Nuclear Industry_2nd Volume_042_chunk3,autoclaved,,,,,
,{},,"{'temp_C': None, 'medium': 'water', 'pressure_MPa': None, 'strain_rate_s-1': None, 'dpa': None, 'fluence': None, 'time_h': 690, 'atmosphere': None}",8eeb2909e898,,specific_heat,not_mentioned_in_text,not_available,auto_filled_domain_placeholder,text,autoclaving,,,STP551-EB-Zirconium in the Nuclear Industry_2nd Volume_042_chunk3,autoclaved,,,,,
,{},,"{'temp_C': None, 'medium': 'water', 'pressure_MPa': None, 'strain_rate_s-1': None, 'dpa': None, 'fluence': None, 'time_h': 690, 'atmosphere': None}",8eeb2909e898,,thermal_conductivity,not_mentioned_in_text,not_available,auto_filled_domain_placeholder,text,autoclaving,,,STP551-EB-Zirconium in the Nuclear Industry_2nd Volume_042_chunk3,autoclaved,,,,,
,{},,"{'temp_C': None, 'medium': 'water', 'pressure_MPa': None, 'strain_rate_s-1': None, 'dpa': None, 'fluence': None, 'time_h': 690, 'atmosphere': None}",8eeb2909e898,,elastoplastic_model,not_mentioned_in_text,not_available,auto_filled_domain_placeholder,text,autoclaving,,,STP551-EB-Zirconium in the Nuclear Industry_2nd Volume_042_chunk3,autoclaved,,,,,
,{},,"{'temp_C': None, 'medium': 'water', 'pressure_MPa': None, 'strain_rate_s-1': None, 'dpa': None, 'fluence': None, 'time_h': 690, 'atmosphere': None}",8eeb2909e898,,thermal_expansion,not_mentioned_in_text,not_available,auto_filled_domain_placeholder,text,autoclaving,,,STP551-EB-Zirconium in the Nuclear Industry_2nd Volume_042_chunk3,autoclaved,,,,,
,{},,"{'temp_C': None, 'medium': 'water', 'pressure_MPa': None, 'strain_rate_s-1': None, 'dpa': None, 'fluence': None, 'time_h': 690, 'atmosphere': None}",8eeb2909e898,,irradiation_creep,not_mentioned_in_text,not_available,auto_filled_domain_placeholder,text,autoclaving,,,STP551-EB-Zirconium in the Nuclear Industry_2nd Volume_042_chunk3,autoclaved,,,,,
,{},,"{'temp_C': None, 'medium': 'water', 'pressure_MPa': None, 'strain_rate_s-1': None, 'dpa': None, 'fluence': None, 'time_h': 690, 'atmosphere': None}",8eeb2909e898,,irradiation_swelling,not_mentioned_in_text,not_available,auto_filled_domain_placeholder,text,autoclaving,,,STP551-EB-Zirconium in the Nuclear Industry_2nd Volume_042_chunk3,autoclaved,,,,,
,{},,"{'temp_C': None, 'medium': 'water', 'pressure_MPa': None, 'strain_rate_s-1': None, 'dpa': None, 'fluence': None, 'time_h': 690, 'atmosphere': None}",8eeb2909e898,,hardening,not_mentioned_in_text,not_available,auto_filled_domain_placeholder,text,autoclaving,,,STP551-EB-Zirconium in the Nuclear Industry_2nd Volume_042_chunk3,autoclaved,,,,,
,{},,"{'temp_C': None, 'medium': 'water', 'pressure_MPa': None, 'strain_rate_s-1': None, 'dpa': None, 'fluence': None, 'time_h': 690, 'atmosphere': None}",8eeb2909e898,high,corrosion,No cracks were observed on the pickled and the anodized specimens,observation,,text,pickling,oxide film cracking,,STP551-EB-Zirconium in the Nuclear Industry_2nd Volume_042_chunk3,pickled,corrosion,,,,
,{},,"{'temp_C': None, 'medium': 'water', 'pressure_MPa': None, 'strain_rate_s-1': None, 'dpa': None, 'fluence': None, 'time_h': 690, 'atmosphere': None}",8eeb2909e898,,density,not_mentioned_in_text,not_available,auto_filled_domain_placeholder,text,pickling,,,STP551-EB-Zirconium in the Nuclear Industry_2nd Volume_042_chunk3,pickled,,,,,
,{},,"{'temp_C': None, 'medium': 'water', 'pressure_MPa': None, 'strain_rate_s-1': None, 'dpa': None, 'fluence': None, 'time_h': 690, 'atmosphere': None}",8eeb2909e898,,specific_heat,not_mentioned_in_text,not_available,auto_filled_domain_placeholder,text,pickling,,,STP551-EB-Zirconium in the Nuclear Industry_2nd Volume_042_chunk3,pickled,,,,,
,{},,"{'temp_C': None, 'medium': 'water', 'pressure_MPa': None, 'strain_rate_s-1': None, 'dpa': None, 'fluence': None, 'time_h': 690, 'atmosphere': None}",8eeb2909e898,,thermal_conductivity,not_mentioned_in_text,not_available,auto_filled_domain_placeholder,text,pickling,,,STP551-EB-Zirconium in the Nuclear Industry_2nd Volume_042_chunk3,pickled,,,,,
,{},,"{'temp_C': None, 'medium': 'water', 'pressure_MPa': None, 'strain_rate_s-1': None, 'dpa': None, 'fluence': None, 'time_h': 690, 'atmosphere': None}",8eeb2909e898,,elastoplastic_model,not_mentioned_in_text,not_available,auto_filled_domain_placeholder,text,pickling,,,STP551-EB-Zirconium in the Nuclear Industry_2nd Volume_042_chunk3,pickled,,,,,
,{},,"{'temp_C': None, 'medium': 'water', 'pressure_MPa': None, 'strain_rate_s-1': None, 'dpa': None, 'fluence': None, 'time_h': 690, 'atmosphere': None}",8eeb2909e898,,thermal_expansion,not_mentioned_in_text,not_available,auto_filled_domain_placeholder,text,pickling,,,STP551-EB-Zirconium in the Nuclear Industry_2nd Volume_042_chunk3,pickled,,,,,
,{},,"{'temp_C': None, 'medium': 'water', 'pressure_MPa': None, 'strain_rate_s-1': None, 'dpa': None, 'fluence': None, 'time_h': 690, 'atmosphere': None}",8eeb2909e898,,irradiation_creep,not_mentioned_in_text,not_available,auto_filled_domain_placeholder,text,pickling,,,STP551-EB-Zirconium in the Nuclear Industry_2nd Volume_042_chunk3,pickled,,,,,
,{},,"{'temp_C': None, 'medium': 'water', 'pressure_MPa': None, 'strain_rate_s-1': None, 'dpa': None, 'fluence': None, 'time_h': 690, 'atmosphere': None}",8eeb2909e898,,irradiation_swelling,not_mentioned_in_text,not_available,auto_filled_domain_placeholder,text,pickling,,,STP551-EB-Zirconium in the Nuclear Industry_2nd Volume_042_chunk3,pickled,,,,,
,{},,"{'temp_C': None, 'medium': 'water', 'pressure_MPa': None, 'strain_rate_s-1': None, 'dpa': None, 'fluence': None, 'time_h': 690, 'atmosphere': None}",8eeb2909e898,,hardening,not_mentioned_in_text,not_available,auto_filled_domain_placeholder,text,pickling,,,STP551-EB-Zirconium in the Nuclear Industry_2nd Volume_042_chunk3,pickled,,,,,
Zircaloy,{},,"{'temp_C': None, 'medium': None, 'pressure_MPa': None, 'strain_rate_s-1': None, 'dpa': None, 'fluence': None, 'time_h': None, 'atmosphere': None}",fca52774e62a,high,corrosion,Out-of-pile and in-pile corrosion rates in absence of heat flux are nearly unaffected by an autoclaving or anodizing pretreatment,judgement,,text,autoclaving or anodizing,corrosion rate,,STP551-EB-Zirconium in the Nuclear Industry_2nd Volume_042_chunk4,pretreated,corrosion,,,,
Zircaloy,{},,"{'temp_C': None, 'medium': None, 'pressure_MPa': None, 'strain_rate_s-1': None, 'dpa': None, 'fluence': None, 'time_h': None, 'atmosphere': None}",fca52774e62a,,density,not_mentioned_in_text,not_available,auto_filled_domain_placeholder,text,autoclaving or anodizing,,,STP551-EB-Zirconium in the Nuclear Industry_2nd Volume_042_chunk4,pretreated,,,,,
Zircaloy,{},,"{'temp_C': None, 'medium': None, 'pressure_MPa': None, 'strain_rate_s-1': None, 'dpa': None, 'fluence': None, 'time_h': None, 'atmosphere': None}",fca52774e62a,,specific_heat,not_mentioned_in_text,not_available,auto_filled_domain_placeholder,text,autoclaving or anodizing,,,STP551-EB-Zirconium in the Nuclear Industry_2nd Volume_042_chunk4,pretreated,,,,,
Zircaloy,{},,"{'temp_C': None, 'medium': None, 'pressure_MPa': None, 'strain_rate_s-1': None, 'dpa': None, 'fluence': None, 'time_h': None, 'atmosphere': None}",fca52774e62a,,thermal_conductivity,not_mentioned_in_text,not_available,auto_filled_domain_placeholder,text,autoclaving or anodizing,,,STP551-EB-Zirconium in the Nuclear Industry_2nd Volume_042_chunk4,pretreated,,,,,
Zircaloy,{},,"{'temp_C': None, 'medium': None, 'pressure_MPa': None, 'strain_rate_s-1': None, 'dpa': None, 'fluence': None, 'time_h': None, 'atmosphere': None}",fca52774e62a,,elastoplastic_model,not_mentioned_in_text,not_available,auto_filled_domain_placeholder,text,autoclaving or anodizing,,,STP551-EB-Zirconium in the Nuclear Industry_2nd Volume_042_chunk4,pretreated,,,,,
Zircaloy,{},,"{'temp_C': None, 'medium': None, 'pressure_MPa': None, 'strain_rate_s-1': None, 'dpa': None, 'fluence': None, 'time_h': None, 'atmosphere': None}",fca52774e62a,,thermal_expansion,not_mentioned_in_text,not_available,auto_filled_domain_placeholder,text,autoclaving or anodizing,,,STP551-EB-Zirconium in the Nuclear Industry_2nd Volume_042_chunk4,pretreated,,,,,
Zircaloy,{},,"{'temp_C': None, 'medium': None, 'pressure_MPa': None, 'strain_rate_s-1': None, 'dpa': None, 'fluence': None, 'time_h': None, 'atmosphere': None}",fca52774e62a,,irradiation_creep,not_mentioned_in_text,not_available,auto_filled_domain_placeholder,text,autoclaving or anodizing,,,STP551-EB-Zirconium in the Nuclear Industry_2nd Volume_042_chunk4,pretreated,,,,,
Zircaloy,{},,"{'temp_C': None, 'medium': None, 'pressure_MPa': None, 'strain_rate_s-1': None, 'dpa': None, 'fluence': None, 'time_h': None, 'atmosphere': None}",fca52774e62a,,irradiation_swelling,not_mentioned_in_text,not_available,auto_filled_domain_placeholder,text,autoclaving or anodizing,,,STP551-EB-Zirconium in the Nuclear Industry_2nd Volume_042_chunk4,pretreated,,,,,
Zircaloy,{},,"{'temp_C': None, 'medium': None, 'pressure_MPa': None, 'strain_rate_s-1': None, 'dpa': None, 'fluence': None, 'time_h': None, 'atmosphere': None}",fca52774e62a,,hardening,not_mentioned_in_text,not_available,auto_filled_domain_placeholder,text,autoclaving or anodizing,,,STP551-EB-Zirconium in the Nuclear Industry_2nd Volume_042_chunk4,pretreated,,,,,
,{},,"{'temperature': None, 'pressure': None, 'environment': None, 'time': None, 'dose': None, 'strain_rate': None}",b228739aff17,0.7,corrosion,Figure showing corrosion behavior,judgement,,Figure,,corrosion behavior,,STP551-EB-Zirconium in the Nuclear Industry_2nd Volume_042_chunk5,,corrosion,,,,
,{},,"{'temperature': None, 'pressure': None, 'environment': None, 'time': None, 'dose': None, 'strain_rate': None}",b228739aff17,,density,not_mentioned_in_text,not_available,auto_filled_domain_placeholder,Figure,,,,STP551-EB-Zirconium in the Nuclear Industry_2nd Volume_042_chunk5,,,,,,
,{},,"{'temperature': None, 'pressure': None, 'environment': None, 'time': None, 'dose': None, 'strain_rate': None}",b228739aff17,,specific_heat,not_mentioned_in_text,not_available,auto_filled_domain_placeholder,Figure,,,,STP551-EB-Zirconium in the Nuclear Industry_2nd Volume_042_chunk5,,,,,,
,{},,"{'temperature': None, 'pressure': None, 'environment': None, 'time': None, 'dose': None, 'strain_rate': None}",b228739aff17,,thermal_conductivity,not_mentioned_in_text,not_available,auto_filled_domain_placeholder,Figure,,,,STP551-EB-Zirconium in the Nuclear Industry_2nd Volume_042_chunk5,,,,,,
,{},,"{'temperature': None, 'pressure': None, 'environment': None, 'time': None, 'dose': None, 'strain_rate': None}",b228739aff17,,elastoplastic_model,not_mentioned_in_text,not_available,auto_filled_domain_placeholder,Figure,,,,STP551-EB-Zirconium in the Nuclear Industry_2nd Volume_042_chunk5,,,,,,
,{},,"{'temperature': None, 'pressure': None, 'environment': None, 'time': None, 'dose': None, 'strain_rate': None}",b228739aff17,,thermal_expansion,not_mentioned_in_text,not_available,auto_filled_domain_placeholder,Figure,,,,STP551-EB-Zirconium in the Nuclear Industry_2nd Volume_042_chunk5,,,,,,
,{},,"{'temperature': None, 'pressure': None, 'environment': None, 'time': None, 'dose': None, 'strain_rate': None}",b228739aff17,,irradiation_creep,not_mentioned_in_text,not_available,auto_filled_domain_placeholder,Figure,,,,STP551-EB-Zirconium in the Nuclear Industry_2nd Volume_042_chunk5,,,,,,
,{},,"{'temperature': None, 'pressure': None, 'environment': None, 'time': None, 'dose': None, 'strain_rate': None}",b228739aff17,,irradiation_swelling,not_mentioned_in_text,not_available,auto_filled_domain_placeholder,Figure,,,,STP551-EB-Zirconium in the Nuclear Industry_2nd Volume_042_chunk5,,,,,,
,{},,"{'temperature': None, 'pressure': None, 'environment': None, 'time': None, 'dose': None, 'strain_rate': None}",b228739aff17,,hardening,not_mentioned_in_text,not_available,auto_filled_domain_placeholder,Figure,,,,STP551-EB-Zirconium in the Nuclear Industry_2nd Volume_042_chunk5,,,,,,
